41	10	11213	12837	3372
41	30	28429	34046	14879
41	50	8248	8869	3726
41	70	5354	5954	2101
41	90	11264	14407	5116
41	110	3702	3803	1773
41	130	7249	7003	3680
41	150	33965	45228	14377
41	170	10812	12643	6219
41	190	5311	6900	2890
41	210	9659	11588	4505
41	230	5248	5363	2219
41	250	9118	9349	3577
41	270	3719	4496	2232
41	290	3720	4581	1705
41	310	11583	15085	5310
41	330	14026	18580	7588
41	350	4327	4587	2430
41	370	3243	3886	1602
41	390	10328	12134	6301
41	410	4046	4398	2496
41	430	19131	24412	9774
41	450	15615	21140	4659
41	470	16844	16110	6613
41	490	15535	19670	8008
41	510	14346	19574	5742
41	530	10679	12696	4930
41	550	27658	35328	15876
41	570	5197	6131	2930
41	590	7738	9663	4303
41	610	6653	7889	3964
41	630	3660	3157	1590
41	650	5355	5018	2471
41	670	4611	5156	2500
41	690	24914	30442	10128
41	710	13791	17530	6000
41	730	181131	254599	91472
41	750	4489	5423	2470
41	770	21817	29705	11374
41	790	9682	11815	3737
41	810	25702	40634	7451
41	830	15223	22031	6121
41	850	4855	4161	1605
41	870	8529	8766	3827
41	890	66917	102524	21390
41	910	7718	7644	3370
41	930	8283	10515	4538
41	950	19577	25736	9951
41	970	120009	144433	44655
41	990	8197	8240	3149
41	1010	65054	82915	24274
41	1030	28806	38973	11698
41	1050	4697	3814	2022
41	1070	6499	6564	3394
41	1090	8581	10307	4032
41	1110	5763	6797	3291
41	1130	13950	17398	5941
41	1150	14773	19135	5798
41	1170	30099	44405	7565
41	1190	5816	5508	2354
41	1210	23184	26867	9582
41	1230	11145	13377	6253
41	1250	43939	63198	17079
41	1270	19260	24382	9746
41	1290	5605	5902	2010
41	1310	5035	4112	2146
41	1330	6095	7936	3108
81	130	626	1403	58
81	160	2313	6290	82
81	200	72926	109810	8258
81	500	5734	5472	657
81	600	404	773	42
81	700	1596	1644	205
81	900	26751	38524	2540
81	1000	624	893	182
81	1100	8458	12455	1364
81	1220	14343	17596	2015
81	1300	4453	5978	907
81	1500	4477	6680	425
81	1640	665	674	85
81	1700	14825	16751	1866
81	1800	3389	3327	419
81	1850	2386	2495	197
81	1880	2816	2288	281
81	2010	2178	2785	216
81	2200	2844	3767	492
81	2310	1520	1898	235
81	2400	2246	2536	223
81	2610	3166	4590	463
81	2700	2803	2057	258
81	2800	2330	2987	507
81	2900	3090	3617	392
61	10	27773	20809	4139
61	30	30509	35663	12456
61	50	35175	42083	5542
61	70	11612	11669	7815
61	90	9812	8944	3350
61	110	2934	2579	896
61	120	3987	4230	2646
61	130	618216	872407	265257
61	150	22934	28744	19273
61	170	32185	26425	6375
61	190	189342	268091	91476
61	210	37438	40807	15941
61	230	11175	10187	3146
61	250	25810	31665	25613
61	270	34976	39225	14849
42	10	6495	7283	3624
42	30	7615	8265	3542
42	50	6643	8241	9107
42	70	26851	33681	17439
42	90	7851	9546	4878
42	110	3368	3756	2228
42	130	1719	2015	960
42	150	4968	6212	3389
42	170	5615	4656	2539
42	190	6176	7838	3575
42	210	4635	5615	3746
42	230	4627	5839	4053
42	250	2275	2663	1162
42	270	7745	8756	4322
42	290	5759	6334	3138
42	310	20064	27646	8357
42	330	13541	15558	5078
42	350	17520	18398	5285
42	370	6397	6554	2675
42	390	2821	3103	1757
42	410	5849	5568	2490
42	430	5546	6300	2346
42	450	18726	24770	6411
42	470	4389	4984	2502
42	490	2628	2966	2124
42	510	17667	23016	16234
42	530	4144	5062	1783
42	550	8975	11114	4923
42	570	6564	7258	3601
42	590	7512	8735	4344
42	610	4124	4504	2340
42	630	9119	11110	4586
42	650	2700	3135	2940
42	670	5350	6261	3350
42	690	27508	31013	11513
42	710	5062	6274	3164
42	730	2968	3049	1707
42	750	4915	5678	3261
42	770	4824	3744	2049
42	790	3541	6152	1651
42	810	4353	4820	1964
42	830	6159	6738	3504
42	850	12701	14432	4560
42	870	3426	3840	1907
42	890	2882	3477	2734
42	910	12115	13696	5395
42	930	19763	21606	6745
42	950	3659	3400	2036
42	970	2017	2376	1557
42	990	3047	3286	1850
42	1010	2320	2521	1155
42	1030	9029	10441	5042
42	1050	2263	2649	1292
42	1070	10768	8541	4347
42	1090	2907	3254	1841
42	1110	7277	8472	3773
42	1130	4923	5296	3346
42	1150	13951	17809	5685
42	1170	2719	3178	1578
42	1190	101438	145301	40228
42	1210	4693	5349	2849
42	1230	10297	9319	3829
42	1250	19309	24606	7123
42	1270	2896	3286	1716
42	1290	2092	2409	1556
42	1310	28783	37740	13991
42	1330	3961	4724	2242
42	1350	3386	3702	3834
42	1370	2569	3088	1705
42	1390	14001	16238	7776
42	1410	3481	3822	3326
42	1430	33104	47679	12784
42	1450	16268	19676	8012
42	1470	3031	3084	1683
42	1490	5053	5991	2920
71	10	339957	577547	135780
71	30	304	493	84
71	50	6555	11761	5305
71	70	49347	70291	31436
71	90	8465	10281	5657
71	110	5445	5791	2095
71	130	222308	334210	87496
71	150	6878	9408	3035
71	170	35978	50164	14945
71	190	229740	262430	69269
71	210	8196	8683	3482
71	230	34502	49083	14631
71	250	41098	38790	11108
71	270	4784	6034	3391
71	290	186338	216275	52714
71	310	33655	45682	7825
71	330	12996	15546	11472
71	350	7576	12469	2862
71	370	2607411	3902203	860587
71	390	29984	31419	10776
71	410	48336	100038	28169
71	430	3554	4871	2508
71	450	23870	29905	10901
71	470	66213	68294	16468
71	490	2820	3165	1638
71	510	2638	4943	616
71	530	110401	155928	34697
71	550	28705	41786	18339
71	570	20507	27043	14251
71	590	665272	1086982	221113
71	610	49485	67958	20625
71	630	5390	6411	3355
71	650	365489	459626	154673
71	670	302241	447056	110258
71	690	12488	14461	3625
71	710	481456	597155	124900
71	730	696192	1130549	273140
71	750	132663	347490	105380
71	770	156562	190496	53510
71	790	56339	93835	30745
71	810	157884	279446	79998
71	830	101069	159876	45615
71	850	404578	686755	130318
71	870	62967	103560	25866
71	890	44134	52616	20710
71	910	922	1089	579
71	930	12725	14493	7182
71	950	107272	150276	27863
71	970	105986	160852	52135
71	990	123658	145464	40094
71	1010	20179	23890	7614
71	1030	14610	16306	8340
71	1050	3704	4499	1962
71	1070	112831	114663	33788
71	1090	11866	18517	8012
71	1110	203767	281619	63005
71	1130	41702	63837	13458
71	1150	20196	22176	6152
62	10	84379	113572	20154
62	30	4731	5507	1265
62	50	115956	175601	29171
62	70	1690	1856	621
62	90	1226	1417	940
62	110	1449	1519	953
62	130	61163	109863	17209
62	150	3163	4730	2088
62	170	791	847	376
62	190	2124	3393	544
62	210	2761	2285	1043
62	230	987	999	519
62	250	898	1781	575
62	270	546	581	284
62	290	5571	6125	4691
62	310	114535	207533	64805
62	330	442	491	220
62	350	19959	27496	2524
62	370	6004	12554	702
62	390	3176	3933	737
62	410	122529	176986	31674
62	430	8001	11678	6062
62	450	9038	12910	2980
62	470	792	1449	220
62	490	2183	3739	611
62	510	2998	5123	657
62	530	90	194	59
62	550	1668	1751	1262
62	570	441	615	172
62	590	127305	189919	35394
62	610	514	522	332
62	630	2228	2323	1155
62	650	1871	2598	488
62	670	9828	13741	3220
62	690	54941	83578	17857
62	710	3951	4294	2728
62	730	1272	1429	882
62	750	5279	6027	2744
62	770	27822	33887	13451
62	790	132	204	84
62	810	3938	4469	919
62	830	6293	6398	2314
62	850	7209	7922	3997
62	870	7020	7594	3323
62	890	6400	6401	3449
62	910	602	792	299
62	930	2078	3039	526
62	950	1168	1259	879
62	970	2290	7403	557
62	990	4586	4633	1698
62	1010	36098	43965	18677
62	1030	1993	2267	569
62	1050	3519	3592	1564
62	1070	3947	7291	808
62	1090	1587	1658	575
62	1110	234	333	48
62	1130	881	2051	158
62	1150	705	783	620
62	1170	2907	8039	300
62	1190	3838	5283	902
62	1210	1382	1520	849
62	1230	42462	53772	13454
62	1250	2770	2872	1505
1	10	208041	329534	110068
1	30	215954	347151	119626
1	50	44910	69615	24593
1	70	35562	60798	18771
1	90	206131	329165	117977
1	110	68152	109658	30422
1	130	34969	59046	11555
1	150	29594	41612	12895
11	10	34016	44910	11472
11	30	121308	187074	50332
11	50	29810	40437	18931
98	10	139943	276179	77847
43	10	51038	87284	16910
43	30	6204	7558	1476
43	50	35957	49936	15259
43	70	5986	9365	2724
43	90	97249	149414	66382
43	110	283434	476794	260740
43	130	3221	4045	1596
43	150	19224	27909	37489
43	170	17998	23462	29283
43	190	33664	43100	8984
43	210	33513	50436	34583
43	230	13228	15098	5654
43	250	522690	748915	270806
43	270	6286	8191	4623
43	290	2869	3606	1560
43	310	194404	289405	71794
43	330	76130	104038	31295
43	350	6046	7931	7345
43	370	2376	2805	1614
43	390	13475	14962	5185
43	410	2865	3459	1332
43	430	2026	2188	1490
43	450	3149	3938	1760
43	470	3504	4266	1245
43	490	6307	6495	2962
43	510	8906	9255	2825
43	530	20591	25629	31048
43	550	14073	16539	22897
43	570	226873	348961	102133
43	590	4382	5552	2474
43	610	19365	26750	24592
43	630	11892	15116	6170
43	650	3632	3849	1674
43	670	1549	2352	608
43	690	33515	43098	41786
43	710	72516	106908	83003
43	730	54582	92929	15804
43	750	6963	8175	4916
43	770	1509	2374	627
43	790	5101	6068	2341
43	810	44912	65512	59408
43	830	47656	61575	43189
43	850	19634	31492	27690
43	870	14959	32026	12456
43	890	13207	16911	4464
43	910	41249	61239	13319
43	930	8839	9951	4807
43	950	186124	301247	72034
43	970	30312	41798	14965
43	990	187238	301115	210240
43	1010	55776	77062	90823
43	1030	169303	288333	221668
43	1050	108911	138835	75243
43	1070	18197	20800	11733
43	1090	21087	31116	13791
43	1110	37952	50309	31534
43	1130	24351	32715	7759
43	1150	48729	78939	89408
43	1170	80798	122128	29700
43	1190	7907	9584	7066
43	1210	7855	8566	4522
43	1230	5279	5982	2273
43	1250	2901	4889	765
43	1270	83494	127744	84365
43	1290	4396	5239	1649
43	1310	7275	9223	4585
43	1330	4715	5461	2986
44	10	5116	5748	1928
44	30	2051	2254	738
44	50	3155	3461	1168
44	70	1202	1263	476
44	90	10634	17466	4231
44	110	3067	4047	1185
44	130	9171	12040	3248
44	150	17099	22741	5617
44	170	5449	5619	2286
44	190	4405	5090	1799
44	210	44890	58222	19320
44	230	3245	3704	1401
44	250	3735	4208	993
44	270	5087	5194	2332
44	290	5458	6330	1109
44	310	14127	17955	4428
44	330	7435	7368	2351
44	350	4383	6332	1776
44	370	1622	1647	852
44	390	10186	14763	1549
44	430	2360	2613	1272
44	450	22353	29042	7295
44	470	12413	16252	4614
44	490	2908	3080	891
44	510	64097	85990	27671
44	530	6122	9925	235
44	550	6392	7826	3311
44	570	27831	41486	6320
44	590	24562	43954	7556
44	610	1079	1077	612
44	630	56562	83473	10625
44	650	2058	2218	714
44	670	124953	215447	28263
44	690	9902	11213	3257
44	710	11542	13028	5173
44	730	22051	28574	3872
44	750	4292	4655	1862
44	770	16887	21192	5444
44	790	2829	3515	908
44	810	6589	6889	2793
44	830	4005	5019	1430
44	850	2897	3816	838
44	870	8459	9182	3300
44	890	146275	255279	46456
44	910	5156	6439	2498
44	930	3281	3266	1488
44	950	33219	36304	9834
44	970	22395	30879	4997
44	990	3909	3839	1881
44	1010	771	875	232
44	1030	8733	10344	2026
44	1050	5625	6625	2876
44	1070	6830	7032	2959
44	1090	2818	3072	1247
44	1110	4118	5234	2858
44	1130	19999	25200	4468
44	1150	22439	30291	11845
44	1170	12612	18774	3921
44	1190	4529	5836	2589
44	1210	178967	292496	64792
44	1230	3761	4763	1818
44	1250	623	800	420
44	1270	18139	23093	8707
44	1290	10605	13648	3746
44	1310	6352	7148	2946
44	1330	3958	3936	1679
44	1350	107494	174345	16776
44	1370	7873	10441	3652
44	1390	27612	39075	10282
44	1410	3079	3050	1222
44	1430	6508	8037	2923
44	1450	5023	6592	2364
44	1470	5443	6925	3141
44	1490	2707	3223	1033
44	1510	17800	24615	4929
44	1530	27747	37166	6930
44	1550	2767	2834	1347
44	1570	8774	11670	3606
44	1590	2602	3070	1155
44	1610	3793	4558	1331
44	1630	5854	6049	2536
44	1650	2674	2822	1171
44	1670	2690	2764	1279
44	1690	6459	8324	1935
44	1710	3978	4713	1750
44	1730	1767	2059	655
44	1750	12397	14507	5555
44	1770	5725	7032	1057
44	1790	18614	27765	1954
44	1810	2201	2611	1062
44	1830	2143	2563	529
44	1850	24583	32022	7241
44	1870	4432	5988	1475
44	1890	6476	7512	2388
44	1910	2701	3083	1105
44	1930	4563	4536	1807
44	1950	6239	8341	2313
44	1970	1756	2097	719
44	1990	7254	7962	3023
44	2010	1906	2019	1046
44	2050	7148	6831	2663
44	2070	5221	6625	1934
44	2090	2209	2812	878
44	2110	3943	4793	1708
44	2130	8313	10830	2132
44	2150	55385	72778	19370
44	2170	13244	16262	4411
44	2190	5515	7284	1624
44	2210	2846	3748	1183
44	2230	13336	18402	3045
44	2250	6883	8243	2114
44	2270	4007	5414	1940
44	2290	4196	4835	1558
44	2310	3096	3733	1274
44	2330	9975	12156	4784
44	2350	2427	2695	1258
44	2370	4021	5208	1747
44	2390	627	719	387
44	2410	2883	3891	2115
44	2430	2722	2562	1387
44	2450	59134	78787	19100
44	2470	16974	22195	4344
44	2490	1135	1272	480
44	2510	4439	4865	2061
44	2530	2680	3168	1334
44	2550	16984	20840	6398
44	2570	6439	8588	3497
44	2590	1706	1920	974
44	2610	9939	11254	4003
44	2630	1973	2395	881
44	2650	580	590	368
44	2670	4760	7250	2383
44	2690	2411	2623	1103
44	2710	3374	3731	1921
44	2730	3445	3523	1601
44	2750	12305	13730	5437
44	2770	11516	13389	3953
44	2790	7790	8816	3013
44	2810	1555	1975	1616
44	2830	1907	2024	922
44	2850	17228	20770	7626
44	2870	3011	2859	1222
44	2890	3306	3601	1091
44	2910	3017	3880	2203
44	2930	7435	9331	4209
44	2950	16713	21499	7779
44	2970	11904	15087	4292
44	2990	10612	12538	5360
44	3010	1879	2089	1001
44	3030	6196	6938	2612
44	3050	7164	8218	2603
44	3070	698	796	328
44	3090	1563	1621	793
44	3110	3513	4532	1938
44	3130	21331	29426	7202
44	3150	2201	2278	1216
44	3170	3074	3594	1806
44	3190	3324	3784	1177
44	3210	6633	7170	2294
82	10	37247	45452	15086
82	30	228672	362610	91832
82	50	0	25	44
82	70	15378	19884	6684
82	90	29220	41858	11359
63	10	64061	85552	21451
63	30	987	1066	475
63	50	23665	25209	6685
63	70	2412	1687	915
63	90	2554	2720	1041
63	110	15507	12160	3769
63	130	3855	6443	896
63	150	1077	1261	384
63	170	8120	9223	3812
63	190	27339	26335	6482
63	210	2948	2818	1022
63	230	1077	873	375
63	250	229	229	99
63	270	30569	31566	12344
63	290	2798	2112	814
63	310	7684	6154	2423
63	330	244	260	93
63	350	2298	2910	1281
63	370	1337	1452	498
63	390	7235	9386	1594
63	410	3903	2626	1284
63	430	4455	3355	1238
63	450	3637	3673	2118
63	470	3784	3549	2011
63	490	4113	4505	2150
63	510	7135	5179	1622
63	530	5216	5027	2135
63	550	20873	25534	9355
63	570	9065	14233	2955
63	590	2038	2132	1205
63	610	1061	1086	614
63	630	1118	1075	478
63	650	11936	8072	1366
63	670	7299	6256	2412
63	690	9360	12193	5422
63	710	1365	967	618
63	730	3067	2716	1073
63	750	5427	5190	2637
63	770	2703	2421	724
63	790	3927	4653	2329
63	810	1245	1258	383
63	830	17649	18039	8197
63	850	1820	2170	781
63	870	2668	2435	1705
21	10	18967	22616	11602
21	30	3318	3300	1923
21	50	4187	5336	2615
21	70	9541	11585	3586
21	90	1447	2414	982
21	110	10350	11791	6494
21	130	1432	1660	1061
21	150	4627	5442	3139
21	170	3820	4604	2303
21	190	49843	83284	15129
21	210	9630	11604	6148
21	230	4333	5261	3090
21	250	4005	4795	2800
21	270	10079	12913	4635
21	290	14568	21414	7100
21	310	1427326	2086454	633232
21	330	5325	6491	3561
21	350	3267	3659	1669
21	370	22739	35502	7990
21	390	4669	5716	2746
21	410	5953	6577	2970
21	430	226494	342124	67984
21	450	5516	6310	3720
21	470	2035	2476	1477
21	490	10364	11384	4412
21	510	5747	7370	3736
21	530	4023	4621	2726
21	550	10827	13239	8142
21	570	10290	13002	7225
21	590	1832	2178	1355
21	610	4436	4933	2900
21	630	9800	12284	4171
21	650	2250	2620	1846
21	670	5972	6977	3998
21	690	1397	1756	912
21	710	2277	2627	1322
21	730	15107	17208	8371
21	750	8676	10028	5634
21	770	16658	29303	6575
21	790	3251	3511	1867
21	810	10909	12995	6103
21	830	6216	7464	2833
21	850	6246	7321	3642
21	870	2549	4710	1753
21	890	103840	130176	29561
21	910	30104	34978	13191
21	930	12964	15424	3436
21	950	15167	20032	9659
21	970	161747	217143	43422
21	990	30261	36873	18453
21	1010	4206	5206	3341
21	1030	9813	12942	5061
21	1050	10692	15044	6212
21	1070	8346	11643	4936
21	1090	10106	14830	4843
21	1110	57814	75480	17339
21	1130	38295	57329	13453
21	1150	33930	42246	17082
21	1170	13637	15991	8600
21	1190	70840	94336	34591
21	1210	12215	14152	7081
21	1230	3564	4153	2498
21	1250	4652	5406	2847
21	1270	3900	4825	2850
21	1290	3325	3929	1681
21	1310	5072	5807	2793
21	1330	6540	8343	3007
21	1350	8530	10856	5605
21	1370	10222	13363	5751
21	1390	3966	4550	2678
21	1410	13832	16557	6458
21	1430	53748	68160	25988
21	1450	6244	7355	3651
21	1470	4396	5433	2396
21	1490	4820	5593	3623
21	1510	1214	1475	806
21	1530	2363	2289	1415
21	1550	1657	1944	883
21	1570	9278	13678	5300
21	1590	4747	5492	2886
21	1610	42322	54195	22204
21	1630	82663	99625	33333
21	1650	7156	8464	5408
21	1670	49977	70138	24450
21	1690	2044	2461	1452
21	1710	1608	1886	1009
21	1730	6310	7356	3993
21	1750	1844	2067	1268
21	1770	13762	17050	7679
21	1790	36027	45268	16371
21	1810	4554	5963	3333
21	1830	25223	31026	13991
21	1850	3853	4578	2118
21	1870	5613	6525	3315
21	1890	4299	4992	2785
21	1910	4691	5553	3366
21	1930	4232	5408	3416
21	1950	17958	21097	8946
21	1970	117503	146937	30839
21	1990	15427	20824	9774
21	2010	73401	98645	32048
21	2030	10417	11466	4591
22	10	10821	10929	4174
22	30	92322	120722	34124
22	50	18320	24466	7332
22	70	2869	3138	1572
22	90	3963	4916	2143
22	110	11376	14307	4887
22	130	3813	5213	1787
22	150	5495	6629	2786
22	170	11192	13565	5858
22	190	25219	34379	10595
22	210	7142	8489	4172
22	230	9341	10953	4805
22	250	3010	3522	1414
22	270	8737	9319	4408
22	290	12205	14476	4611
22	310	7513	8535	3158
22	330	11243	13513	4222
22	350	34162	47139	15153
22	370	11236	14248	4517
22	390	48981	61223	17497
22	410	7676	9208	3777
22	430	18879	24765	8211
22	450	5087	5946	2969
22	470	6374	7006	2434
22	490	5511	6367	3009
22	510	9062	11358	5024
22	530	21267	26508	10227
22	550	8483	10622	4988
22	570	34211	44832	8989
22	590	13900	17217	4748
22	610	9294	11369	3396
22	630	23256	29816	7351
22	650	13162	17331	7115
22	670	23830	29950	9472
22	690	10866	13083	5054
22	710	11236	13945	5118
22	730	8106	9087	3069
22	750	6305	7424	3304
22	770	8575	11254	4030
22	790	7128	8976	2733
22	810	26803	35263	9356
22	830	11880	14037	6371
22	850	20685	24614	7743
22	870	11348	10217	3009
22	890	147253	176013	58679
22	910	30069	41782	14030
22	930	12142	15433	6200
22	950	36643	48538	18332
22	970	225016	338728	92821
22	990	13167	15285	5647
22	1010	3091	3721	1436
22	1030	11584	14327	4290
22	1050	30339	53606	9276
22	1070	9782	12732	4926
22	1090	17291	21355	5787
22	1110	4330	4707	1801
22	1130	12230	14197	4577
22	1150	1542	1936	744
22	1170	5432	6506	2798
22	1190	5094	6171	2308
22	1210	4284	5283	2442
22	1230	5498	7223	2791
22	1250	3401	4413	1967
22	1270	40058	51337	12698
22	1290	7960	9905	3105
22	1310	3956	4286	1977
22	1330	8663	11938	3844
22	1350	7858	9345	4176
22	1370	7691	8805	3482
22	1390	5612	6332	2667
22	1410	72001	96033	34879
22	1430	6447	7850	2493
22	1450	12154	15318	4929
22	1470	5854	7212	2544
22	1490	7077	7888	3277
22	1510	8135	10268	3589
22	1530	5334	6433	3395
22	1550	2302	2608	1169
22	1570	38284	60961	12319
22	1590	4685	5737	2384
22	1610	2152	2498	967
22	1630	44342	62985	25948
22	1650	4681	5769	2897
22	1670	29605	41548	15991
22	1690	10539	12507	5207
22	1710	2359	2797	1219
22	1730	14036	17537	4630
22	1750	7194	8718	3204
22	1770	20563	25548	10888
22	1790	8063	9513	3503
22	1810	6901	8093	3667
22	1830	8633	10304	3584
31	10	2279	2466	1981
31	30	1293	1439	1057
31	50	4095	4318	2697
31	70	3828	4258	2946
31	90	2002	2049	1696
31	110	6718	7659	3723
31	130	36511	47516	16895
31	150	6789	8919	4531
31	170	6667	7822	3806
31	190	6911	6857	3244
31	210	5892	6999	3575
31	230	4502	4857	3231
31	250	3094	3345	2731
31	270	6842	6831	3809
31	290	4194	4664	3169
31	310	5024	5950	2933
31	330	13036	16709	7886
31	350	4125	4400	2611
31	370	4055	4203	2368
31	390	2358	2723	1539
31	410	5259	6045	2901
31	430	5705	6065	3451
31	450	14946	17731	8151
31	470	5125	5372	2918
31	490	8963	10828	4350
31	510	2473	2622	1558
31	530	2406	2657	1710
31	550	5963	6028	2655
31	570	12080	15036	6924
31	590	3817	4712	3097
31	610	26397	31681	12141
31	630	3514	3615	2183
31	650	6323	7006	4183
31	670	4834	5252	3349
31	690	3160	3566	2278
31	710	2343	2450	1775
31	730	2688	3015	2262
31	750	3300	3731	2410
31	770	2926	3254	2296
31	790	4444	5318	2969
31	810	3838	4128	2288
31	830	5417	5828	4049
31	850	4311	4613	2868
31	870	5416	7137	3181
31	890	2802	2910	2123
31	910	2966	3243	2263
31	930	2504	2532	1696
31	950	4036	4920	2757
31	970	6058	6505	3312
31	990	9721	12160	5546
31	1010	4381	6581	2401
31	1030	25584	51050	7138
31	1050	5467	7154	3101
31	1070	3307	3573	2410
31	1090	5568	5672	3526
31	1110	10872	13625	6480
31	1130	48060	68048	20495
31	1150	3449	4153	1742
31	1170	2469	2745	1878
31	1190	3900	3636	2149
31	1210	3774	4056	2250
31	1230	6230	7533	3803
31	1250	8838	10661	4842
31	1270	10559	13272	6682
31	1290	3949	4854	1812
31	1310	3093	3217	2383
31	1330	2663	2832	2381
31	1350	2249	2560	1672
31	1370	3276	3797	2637
31	1390	12242	14924	5337
31	1410	4476	4757	3189
31	1430	2151	2264	1406
31	1450	4631	5316	3534
31	1470	3191	3058	2189
31	1490	7492	7627	3816
31	1510	2658	2753	2078
31	1530	91783	138433	37683
31	1550	24845	30197	11056
31	1570	5576	6625	3188
31	1590	1400	1499	1313
31	1610	3516	3652	2705
31	1630	46407	59466	17328
31	1650	3882	4001	2693
31	1670	10336	10058	4409
31	1690	20488	36503	7165
31	1710	4943	5437	3384
31	1730	1984	1995	1716
31	1750	3705	4166	2464
31	1770	2160	2365	1568
31	1790	9666	12096	6675
31	1810	11438	13655	3945
31	1830	5667	6632	3641
31	1850	1786	1961	1856
31	1870	11652	13650	7113
31	1890	3626	3938	2318
31	1910	6342	7620	3213
31	1930	30567	35818	14443
31	1950	2159	2496	1668
31	1970	3767	4434	3159
32	10	4445	4663	2777
32	30	2233	2301	1718
32	50	5325	5574	2859
32	70	1669	1806	1257
32	90	8712	10041	4913
32	110	4372	4704	3051
32	130	3298	3386	2417
32	150	15953	18290	6770
32	170	823	887	700
32	190	1119	1166	1167
32	210	6237	7084	3771
32	230	830	920	782
32	250	646	693	583
32	270	2515	2772	2100
32	290	2989	3190	2727
32	310	2465	2775	1648
32	330	607	637	605
32	350	10924	12779	6020
32	370	9554	12954	6972
32	390	1088	1129	984
32	410	5352	5991	3766
32	430	2487	2663	1470
32	450	23299	41402	6627
32	470	1009	1116	886
32	490	771	822	988
32	510	7874	10413	3469
32	530	1679	2205	1466
32	550	12372	13698	2559
32	570	9018	10474	3468
32	590	6755	7702	3432
32	610	10084	13917	2340
32	630	931	970	648
32	650	986	1014	722
32	670	2656	2652	625
32	690	1861	1889	720
32	710	575	598	278
32	730	2046	2237	1984
32	750	662	741	473
32	770	1927	2103	1651
32	790	9190	10919	5099
32	810	1361	1442	401
32	830	642	651	415
32	850	3603	3778	1866
32	870	4722	5561	2341
32	890	1083	1159	1054
32	910	103251	153558	33420
32	930	1450	1437	459
32	950	2461	2521	1644
32	970	1044	1087	773
32	990	7022	7943	4371
32	1010	682	715	493
32	1030	18645	28863	6133
32	1050	937	1005	950
32	1070	2297	2386	1808
32	1090	886	920	620
32	1110	10930	14444	4258
32	1130	8019	9538	4745
32	1150	3384	3880	3017
32	1170	3311	3407	2684
32	1190	1233	1343	808
32	1210	7108	8378	3245
32	1230	2130	2182	1577
32	1250	11239	12390	7508
32	1270	1673	1869	1371
32	1290	1138	1177	472
32	1310	3204	3159	2144
32	1330	4891	5544	3232
32	1350	1112	1218	900
32	1370	1459	1940	1334
32	1390	4447	5074	2675
32	1410	1248	1296	1316
32	1430	1537	1739	1166
32	1450	2130	2458	1446
32	1470	1764	1936	1523
32	1490	5171	5831	2355
32	1510	2803	3104	1855
32	1530	973	979	725
32	1550	17809	22321	10119
32	1570	1561	1712	1800
32	1590	3069	3240	2138
32	1610	20319	36467	4255
32	1630	1731	1809	1313
32	1650	942	1060	968
32	1670	1957	2327	1861
32	1690	14336	18765	6964
32	1710	1639	1779	857
32	1730	122344	164988	45986
32	1750	6500	7475	1758
32	1770	45765	63010	21085
32	1790	920	914	543
32	1810	2068	2241	1156
32	1830	1222	1314	1421
32	1850	1471	1585	1248
32	1870	800	802	254
32	1890	1662	1726	721
32	1910	8052	8537	4316
32	1930	2750	2860	1211
32	1950	1018	1070	875
32	1970	1950	2123	1167
32	1990	586	574	299
32	2010	1867	1886	1859
32	2030	930	901	414
32	2050	2844	3051	2265
32	2070	1061	1166	1088
32	2090	50519	61694	21034
51	10	4334	5443	2409
51	30	4231	4963	2356
51	50	4251	5722	1812
51	70	2055	2710	1432
51	90	9343	12107	5419
51	110	2694	3561	1476
51	130	9594	11696	4186
51	150	18541	23960	4750
51	170	5614	7181	2629
51	190	13368	18781	7572
51	210	7131	9585	3715
51	230	2235	2721	1195
51	250	5145	5936	1713
51	270	4791	5622	2466
51	290	15551	19668	3258
51	310	3297	4011	1670
51	330	3495	4406	2498
51	350	8161	11955	4955
51	370	24927	32665	10783
51	390	1410	1703	978
51	410	2785	3329	1296
51	430	7392	8957	3108
51	450	4164	4927	2138
51	470	20795	31323	6837
51	490	8490	11364	3688
51	510	7321	8284	2318
51	530	2528	3246	1396
51	550	2552	3078	1620
51	570	1780	2284	1226
51	590	26375	32469	11201
51	610	3098	3532	1412
51	630	2084	2352	807
51	650	4375	5319	2010
51	670	59427	105424	22312
51	690	3481	4420	1907
51	710	13967	16605	5024
51	730	11941	17620	5306
51	750	2322	2642	1686
51	770	1678	1991	675
51	790	3094	4191	1790
51	810	4998	5841	1822
51	830	8961	11602	6111
51	850	6149	7411	3048
51	870	2679	3564	1857
51	890	10517	13369	4465
51	910	2546	2970	814
51	930	29836	38688	6942
51	950	11690	13513	4741
51	970	4778	5734	2525
51	990	4288	5233	2270
51	1010	12639	16560	5473
51	1030	3635	4664	1819
51	1050	1401	1840	1161
51	1070	13286	16989	6800
51	1090	3832	4338	1578
51	1110	181635	263715	89452
51	1130	9464	13078	2661
51	1150	7160	8848	2728
51	1170	43104	57767	16284
51	1190	5937	7027	1878
51	1210	9510	10866	3861
51	1230	3230	4055	1875
51	1250	13349	16815	4956
51	1270	4406	5042	1817
51	1290	2275	2629	1066
51	1310	4558	5400	1270
51	1330	8574	10220	3160
51	1350	4022	4718	1760
51	1370	5941	7236	2843
51	1390	2312	3345	1399
51	1410	7074	8565	3681
51	1430	1231	2729	1171
51	1450	16994	22764	10204
51	1470	5319	5689	1740
51	1490	2711	3383	1518
51	1510	16873	25007	5948
51	1530	4497	5057	1329
51	1550	5005	6347	2156
51	1570	6951	9238	4702
51	1590	4437	4922	1089
51	1610	4771	5904	2655
51	1630	8610	10388	1669
51	1650	1635	1843	619
51	1670	5278	6865	2880
51	1690	2467	3152	1408
51	1710	3111	4000	1831
51	1730	5773	7348	2539
51	1750	3583	4387	1448
51	1770	9118	11132	4738
51	1790	9476	11595	3341
51	1810	1884	2350	1076
51	1830	6290	7254	3252
51	1850	10415	14326	2246
51	1870	2648	3136	1394
51	1890	1468	1796	780
51	1910	3846	4479	1454
51	1930	9657	11895	3195
51	1950	22540	28444	7734
51	1970	3854	4411	1225
51	1990	13719	18085	7049
51	2010	571	730	373
51	2030	4415	5475	1962
51	2050	6413	8636	2039
51	2070	3898	5237	2373
51	2090	7436	9489	2595
51	2110	7035	9395	3249
51	2130	4468	5595	2186
51	2150	2010	2592	825
51	2170	5915	7814	2982
51	2190	3184	3852	1746
51	2210	2617	3281	2009
51	2230	1756	2255	844
51	2250	5823	5915	2036
51	2270	22557	31670	8524
51	2290	3125	3705	1625
51	2310	5260	6240	2439
51	2330	4051	4792	2320
51	2350	10482	12111	4298
51	2370	2072	2394	766
51	2390	5924	7990	2118
45	10	19498	19694	6626
45	30	6704	7724	2736
45	50	20555	23446	4628
45	70	7920	8464	2464
45	90	12591	13429	5857
45	110	9698	11433	3292
45	130	4945	5029	2925
45	150	27798	34517	7795
45	170	78162	90888	33075
45	190	54456	63748	18223
45	210	3112	3291	1481
45	230	3100	3463	925
45	250	3689	3764	1485
45	270	4919	6133	3076
45	290	6994	7034	2599
45	310	8321	8683	3676
45	330	120594	161772	34885
45	350	3800	2958	1333
45	370	6266	7549	2072
45	390	11471	11170	4428
45	410	7536	7239	3429
45	430	5757	6086	2390
45	450	24098	25281	7247
45	470	10198	12180	3390
45	490	4915	5058	2641
45	510	133158	184087	45772
45	530	10440	10557	3913
45	550	53791	70274	13718
45	570	28718	34168	7997
45	590	4144	4636	2136
45	610	14054	17252	4486
45	630	24412	27994	5776
45	650	4715	3900	1735
45	670	10771	10646	4674
45	690	13065	12688	4789
45	710	153648	194814	64658
45	730	47206	54130	16026
45	750	8793	10146	2032
45	770	7485	8039	2893
45	790	42153	49499	15825
45	810	3181	3059	1455
45	830	6934	6756	3222
45	850	7057	7157	3745
45	870	20107	25855	7579
45	890	14445	17525	3134
45	910	3399	3491	1208
45	930	7266	7985	2035
45	950	14726	16411	2829
45	970	28047	27395	9909
45	990	15598	16825	4105
45	1010	20503	21810	5528
45	1030	47803	56763	12873
45	1050	29443	32060	9535
45	1070	2490	2221	1197
45	1090	34332	37744	8074
45	1110	6371	6923	3214
45	1130	16734	17699	6581
45	1150	21150	30026	3596
45	1170	13663	14981	6196
45	1190	12658	13964	6812
45	1210	6412	7721	1769
45	1230	3865	3879	1924
45	1250	2776	7252	887
45	1270	5000	5663	2476
2	10	30617	41178	14125
2	30	24821	34367	11127
2	50	64474	102729	31717
2	70	8834	10972	3570
2	90	12558	17834	7155
2	110	33081	44921	15544
2	130	9724	13211	6168
2	150	8338	10576	5024
2	170	15097	19061	7926
2	190	41966	59973	16960
2	210	5362	6382	3011
2	230	9811	14024	3726
2	250	14983	18476	6494
2	270	9811	12410	4311
2	290	10070	12305	5707
2	310	47187	66201	20808
52	10	19367	25452	13880
52	30	118053	185733	37565
52	50	168847	284415	96849
52	90	15920	21316	4582
52	110	7791	10021	3890
52	130	36331	50680	12557
52	150	21693	28484	7365
52	170	32861	43918	6573
52	190	7697	10783	5226
52	210	44246	64735	14209
52	230	8455	10179	3867
52	250	54296	77554	15034
52	270	52514	88146	11399
52	290	4502	6396	3019
52	310	194359	334220	77491
52	330	202589	342765	50343
52	350	9155	13025	4371
52	370	24014	33342	6300
52	390	5774	9630	3504
52	410	7080	10485	6128
52	430	30910	49271	16791
52	450	20887	29747	9559
52	470	8410	12801	6064
52	5100	202254	303615	100916
3	10	43017	65171	41135
3	30	36473	51868	23529
3	50	139607	198721	73310
3	70	2879	4769	1833
3	90	176950	269860	94674
3	110	19015	28556	10173
3	130	128753	176553	67437
3	150	39806	66952	16997
3	170	335526	619734	175119
3	190	1345	2720	819
3	210	146614	257323	86312
3	230	127239	176436	50184
3	250	154603	324108	80496
3	270	196708	290685	97266
23	10	2337	2753	2443
23	30	2467	3102	1549
23	50	29253	34815	10425
23	70	8941	10459	4593
23	90	5083	6002	3162
23	110	4351	4944	2419
23	130	2314	2612	1554
23	150	15385	18555	5849
23	170	32595	42120	14980
23	190	3240	4131	2098
23	210	48393	59050	22145
23	230	12655	15184	5511
23	250	40520	50357	18160
23	270	14842	17842	6477
23	290	6281	7809	3085
23	310	6120	6912	3716
23	330	9394	14837	4339
23	350	7128	8002	4403
23	370	18299	22670	5390
23	390	3495	4346	1827
23	410	11249	13151	5802
23	430	7525	9267	4908
23	450	28492	37152	9217
23	470	7320	9513	3531
23	490	134228	168316	43829
23	510	6277	6830	3813
23	530	4566	5476	4323
23	550	19316	25904	7890
23	570	12051	14308	5348
23	590	13740	15631	5711
23	610	10346	12979	6336
23	630	10207	11525	6418
23	650	84784	130848	24376
23	670	18277	23614	5743
23	690	8728	11194	4544
23	710	3150	3643	3566
23	730	17425	25093	4576
23	750	42726	59910	18557
23	770	64777	96016	23724
23	790	4286	4776	1797
23	810	156229	208195	54007
23	830	373	456	500
23	850	2318	2362	1835
23	870	24487	29457	6471
23	890	4690	5946	2466
23	910	28909	34366	11059
23	930	36508	46775	9474
23	950	1694	1828	994
23	970	2995	3460	1816
23	990	191596	289807	88457
23	1010	5601	7067	3897
23	1030	21457	30171	7978
23	1050	7374	8591	4372
23	1070	11960	15165	4190
23	1090	7151	8649	4295
23	1110	23004	30152	7540
23	1130	3869	4080	1812
23	1150	42437	51534	13827
23	1170	16673	19963	6580
23	1190	2299	2472	2044
23	1210	49202	59854	20798
23	1230	12212	13183	5204
23	1250	296009	453334	117888
23	1270	7219	7618	3075
23	1290	5395	5757	3390
23	1310	2296	2729	1720
23	1330	6495	6725	2814
23	1350	2038	2269	1616
23	1370	5593	6436	2433
23	1390	62138	75539	18474
23	1410	3818	4132	2716
23	1430	4567	5337	4933
23	1450	66391	78856	25603
23	1470	44759	55188	17919
23	1490	18651	21446	7694
23	1510	12308	13607	6223
23	1530	2303	2669	1536
23	1550	22212	26371	7768
23	1570	17518	20521	6696
23	1590	22339	25466	8854
23	1610	76908	141211	21226
23	1630	635232	826090	264502
23	1650	8184	9538	3631
33	10	3197	3348	2928
33	30	81431	106794	13566
33	50	8778	9097	4586
33	70	11773	13189	3996
33	90	9808	12486	3514
33	110	1739	1731	1488
33	130	15904	23645	6586
33	150	8111	9146	4753
33	170	8908	10090	4505
33	190	15684	20463	4013
33	210	6354	6407	4183
33	230	3844	4084	2762
33	250	10196	11261	3704
33	270	16112	20190	5982
33	290	2617	2452	1613
33	310	1002	1374	638
33	330	3560	3701	2846
33	350	13101	14631	7643
33	370	88729	124797	17475
33	390	5342	5676	2082
33	410	8657	9438	5200
33	430	4796	4950	3669
33	450	6286	6346	4201
33	470	9289	10780	6146
33	490	12400	14411	6464
33	510	1709	1732	1496
33	530	264838	470337	116957
33	550	5734	6472	2931
33	570	4392	4583	2664
33	590	8809	9607	2878
33	610	12598	13515	6490
33	630	3407	3655	2328
33	650	4185	4288	1874
33	670	12368	13758	5811
33	690	1611	1750	1251
33	710	4619	5827	2437
33	730	2503	2525	2058
33	750	2744	3262	1820
33	770	1204	1369	693
33	790	7403	8012	3497
33	810	1920	1772	1737
33	830	7848	9021	3854
33	850	10080	11575	4742
33	870	1694	1418	921
33	890	3407	3321	2014
33	910	6620	7326	4546
33	930	6575	6733	3583
33	950	5879	6041	3196
33	970	9990	9715	4618
33	990	10507	11766	7527
33	1010	2823	2823	1991
33	1030	8781	11650	3099
33	1050	5888	6506	3719
33	1070	2290	2272	1781
33	1090	32337	44780	10604
33	1110	14623	15809	9845
33	1130	4055	4589	2249
33	1150	6532	7134	3347
33	1170	3222	3152	2193
33	1190	10117	10621	5785
33	1210	3160	3085	2385
33	1230	134194	210063	59388
33	1250	1439	1386	838
33	1270	5169	5235	3557
33	1290	5284	5350	3590
33	1310	15766	19434	5798
33	1330	3004	2966	1947
33	1350	4986	5572	2030
33	1370	55042	71936	33467
33	1390	19452	24951	4241
33	1410	14618	18037	2978
33	1430	4410	4531	2537
33	1450	39051	49223	12476
33	1470	9641	11318	4294
33	1490	3341	3841	1701
33	1510	3070	3184	2377
33	1530	7728	7156	3977
33	1550	1242	1157	1089
33	1570	6160	6768	3142
33	1590	4040	3970	2527
33	1610	5759	6442	2831
33	1630	47927	61821	9493
33	1650	3536	3654	2133
33	1670	2294	2499	1291
33	1690	14727	18886	6561
33	1710	24159	26796	6713
33	1730	3417	3409	2494
46	10	11277	12001	5091
46	30	9061	11188	4884
46	50	4327	4331	2063
46	70	5611	5844	3397
46	90	2638	2703	1188
46	110	16194	14405	5204
46	130	4396	5043	2524
46	150	2920	3029	1402
46	170	5974	6341	2494
46	190	3017	2963	1331
46	210	4486	4048	1325
46	230	5558	5912	2575
46	250	7369	7395	2813
46	270	11951	10094	4496
46	290	9735	9402	3712
46	310	5609	5711	2128
46	330	21730	26954	5614
46	350	21207	27967	8264
46	370	2722	2728	1353
46	390	5647	5957	1870
46	410	3421	3778	1189
46	430	6945	7654	3055
46	450	9619	10867	4519
46	470	51893	66173	17887
46	490	81103	101778	28487
46	510	8500	6760	3085
46	530	4710	3985	1551
46	550	672	626	247
46	570	5761	6929	3087
46	590	37965	43343	10808
46	610	5792	5744	2525
46	630	3366	2884	1024
46	650	4888	4639	2026
46	670	19199	21785	8843
46	690	3560	3307	1636
46	710	9463	14479	3212
46	730	10028	12285	2858
46	750	23836	27876	10199
46	770	4157	4190	1683
46	790	5827	6078	2973
46	810	20415	25343	7639
46	830	13506	12677	5215
46	850	9583	10422	4467
46	870	19541	23873	6022
46	890	17605	22862	5121
46	910	8590	8622	3668
46	930	10311	11094	3489
46	950	11699	12728	5252
46	970	3915	3986	2076
46	990	8211	8438	3535
46	1010	6515	6747	3175
46	1030	4709	4170	1682
46	1050	12044	17644	3416
46	1070	10699	10184	3966
46	1090	12659	13514	4496
46	1110	3765	3885	1231
46	1130	12478	12395	5372
46	1150	6715	8147	3166
46	1170	7097	8253	3311
46	1190	3861	3297	1650
46	1210	26685	35307	7940
46	1230	8075	8374	3231
46	1250	2873	2312	854
46	1270	7809	8535	3081
46	1290	4672	5053	2128
46	1310	3675	3824	1313
46	1330	11866	12073	4122
46	1350	5606	4890	2185
46	1370	7339	7671	2593
46	1390	5897	6826	3008
46	1410	4694	6094	2982
46	1430	3411	2589	986
46	1450	6492	7831	3405
46	1470	5016	4608	2087
46	1490	15714	17296	6239
46	1510	25425	23407	8161
46	1530	6759	6957	2290
46	1550	3075	3360	1796
46	1570	3267	3292	1443
46	1590	6313	6364	2980
46	1610	3751	3870	2119
46	1630	9001	8234	3770
34	10	7487	10223	3267
34	30	4317	5140	2303
34	50	1974	2451	1576
34	70	6744	7575	4558
34	90	7659	8686	5151
34	110	3224	3701	2224
34	130	4257	4640	2962
34	150	3271	3702	3140
34	170	3086	3489	1807
34	190	32964	54409	9443
34	210	23962	29956	13637
34	230	11060	13061	6427
34	250	2387	2555	1743
34	270	9913	12736	4092
34	290	6549	8426	5064
34	310	17468	24731	8521
34	330	3075	3205	2298
34	350	1669	1749	873
34	370	20326	24267	6825
34	390	3084	3314	2916
34	410	2554	2741	1990
34	430	10231	12699	3643
34	450	2255	2472	1289
34	470	43800	63695	15844
34	490	5018	5625	2493
34	510	17630	27092	7795
34	530	4326	5168	2681
34	550	5655	6225	3299
34	570	2030	2209	1654
34	590	3696	3951	2307
34	610	2308	2288	1597
34	630	2339	4271	1630
34	650	3949	4261	2566
34	670	3455	3661	2052
34	690	9699	10587	5983
34	710	25283	30151	9775
34	730	3782	4506	2943
34	750	1829	1907	1720
34	770	57213	85166	27740
34	790	2787	3156	2328
34	810	2106	2429	2042
34	830	5435	6285	4117
34	850	1540	1716	2071
34	870	1670	1837	1376
34	890	2777	3244	1825
34	910	9089	10220	5479
34	930	3141	3301	2022
34	950	178049	254063	82465
34	970	25991	33288	14098
34	990	55907	70523	14241
34	1010	13766	18571	3945
34	1030	1171	1311	969
34	1050	8014	9543	4166
34	1070	9114	10615	5160
34	1090	8866	9892	5393
34	1110	3022	3400	1819
34	1130	9339	10829	3317
34	1150	3741	4138	3252
34	1170	4015	4826	2839
34	1190	5136	5743	2448
34	1210	4157	4823	3290
34	1230	3147	3572	2124
34	1250	2284	2520	1349
34	1270	8264	9492	4964
34	1290	914	1012	956
34	1310	6296	7133	3204
34	1330	4587	4661	2369
34	1350	3704	4289	2089
34	1370	2722	2861	1722
34	1390	3225	3549	2253
34	1410	3976	4419	3213
34	1430	6725	7028	3135
34	1450	13141	15604	6453
34	1470	6727	8348	3283
34	1490	2524	2838	1887
34	1510	3773	4206	1818
34	1530	2158	2475	1813
34	1550	7445	6885	3621
34	1570	5074	5609	2945
34	1590	10159	12457	5778
34	1610	10166	13598	4854
34	1630	4768	5060	2758
34	1650	16819	24864	4792
34	1670	6411	7603	3685
34	1690	14428	18899	2792
34	1710	1264	1463	1217
34	1730	2456	2857	1413
34	1750	6793	9165	3997
34	1770	6805	7595	2938
34	1790	1919	2097	1104
34	1810	3624	3663	2278
34	1830	69593	92409	14692
34	1850	2169	2333	1966
34	1860	4898	5633	2274
34	1870	13851	17718	7708
34	1890	270041	389635	129998
34	1950	6688	8146	4302
34	1970	1147	1268	972
34	1990	1328	1425	1096
34	2010	12367	14048	5624
34	2030	2218	2521	1231
34	2050	1915	2050	1618
34	2070	8074	9598	5066
34	2090	4533	5503	4009
34	2110	1537	1845	1574
34	2130	6158	8012	5437
34	2150	6331	6831	3635
34	2170	5645	6339	3263
34	2190	5962	7007	2702
34	2210	6742	7355	2368
34	2230	3058	3361	2288
34	2250	7460	8592	3075
34	2270	631	642	625
34	2290	5111	5308	2863
34	5100	111276	153593	66001
64	10	2653	3125	1087
64	30	4461	4010	1017
64	50	2414	2221	889
64	70	1030	1040	543
64	90	2317	2548	1590
64	110	408	474	282
64	130	23529	29640	9838
64	150	1630	1757	951
64	170	3560	3910	1988
64	190	619	631	502
64	210	2905	3219	1433
64	230	2706	3389	2040
64	250	996	984	462
64	270	3473	3739	2406
64	290	18068	21804	7716
64	310	14898	23494	4489
64	330	504	503	267
64	350	4806	4197	1160
64	370	270	279	166
64	390	738	788	470
64	410	5947	6545	2136
64	430	2508	2991	833
64	450	631	738	406
64	470	6891	6728	3307
64	490	14452	18548	5512
64	510	769	744	357
64	530	5599	6076	2142
64	550	711	729	375
64	570	1650	2024	1008
64	590	521	593	315
64	610	1048	1104	420
64	630	23188	34240	8103
64	650	1134	1252	821
64	670	3965	5461	2293
64	690	150	181	71
64	710	1658	1705	797
64	730	2099	2051	1043
64	750	625	681	328
64	770	1612	2734	933
64	790	358	369	350
64	810	7404	7932	4150
64	830	3611	3748	1429
64	850	4161	3870	1205
64	870	4104	4004	739
64	890	2679	2748	1398
64	910	1303	1414	1023
64	930	9428	11935	5790
64	950	1958	2197	1090
64	970	895	944	667
64	990	1969	1899	1118
64	1010	1566	1682	819
64	1030	265	277	137
64	1050	2452	2645	1387
64	1070	655	668	462
64	1090	350	364	237
64	1110	34035	44001	13999
64	1130	10	21	1
35	10	8384	10938	4948
35	30	2582	2355	1551
35	50	126	139	85
35	70	270	261	128
35	90	203	196	113
35	110	2049	1973	1335
35	130	4515	4734	1758
35	150	799	748	713
35	170	1046	1047	786
35	190	11926	15463	4544
35	210	2264	2266	1702
35	230	2580	2582	1753
35	250	6630	7774	2776
35	270	3335	3012	1916
35	290	1345	1332	818
35	310	1894	2009	1067
35	330	2828	3075	1701
35	350	2102	2172	1395
35	370	2714	2887	1875
35	390	3030	3017	2056
35	410	3549	3489	2695
35	430	5507	6365	1961
35	450	2872	3234	1412
35	470	6034	6499	3459
35	490	633	643	511
35	510	1854	1867	1240
35	530	10028	11618	5974
35	550	123626	172332	47333
35	570	702	778	596
35	590	2009	2143	1544
35	610	988	1076	1046
35	630	941	936	549
35	650	1413	1540	1519
35	670	6118	7609	4499
35	690	617	692	591
35	710	586	575	515
35	730	506	556	409
35	750	235	258	118
35	770	966	842	627
35	790	15113	18028	6950
35	810	2751	2962	1426
35	830	992	1112	914
35	850	354	361	220
35	870	1150	1086	801
35	890	4061	3992	2183
35	910	206	216	220
35	930	1853	1783	1146
35	950	2321	2615	2068
35	970	1222	1336	1105
35	990	1926	2247	1157
35	1010	2583	2654	1450
35	1030	282	306	217
35	1050	1158	1250	781
35	1070	2665	2602	2275
35	1090	60628	95511	23228
35	1110	10263	11030	4956
35	1130	311	271	134
35	1150	197	201	128
35	1170	164	160	108
35	1190	10277	12187	4816
35	1210	2411	2520	1430
35	1230	1619	1635	1020
35	1250	1296	1298	839
35	1270	2298	2742	1492
35	1290	1587	1606	1357
35	1310	4053	4353	2953
35	1330	820	873	950
35	1350	1060	962	690
35	1370	2860	3222	1731
35	1390	2450	2382	1502
35	1410	9969	10600	3959
35	1430	1613	1625	1304
35	1450	3572	3832	2006
35	1470	2669	2911	2363
35	1490	629	618	367
35	1510	3697	4144	2616
35	1530	35995	45884	4892
35	1550	5591	6091	2919
35	1570	11063	12133	5815
35	1590	4899	5340	2456
35	1610	2012	1982	1401
35	1630	1129	1017	792
35	1650	440	469	251
35	1670	2198	2129	763
35	1690	1750	1822	1728
35	1710	284	260	126
35	1730	2610	2127	949
35	1750	1434	1487	1193
35	1770	5087	5929	2252
35	1790	3038	3485	1314
35	1810	1092	1105	1145
35	1830	324	291	140
35	1850	4418	4853	2452
65	10	5524	6722	2297
65	30	201094	310937	77678
65	50	7580	10822	3352
65	70	11706	14231	2042
65	90	356	524	148
65	110	452	615	128
65	130	4203	5423	934
65	150	2288	2578	371
65	170	1350	1058	599
65	190	5845	6659	3019
65	210	2037	2211	846
65	230	4758	6309	2179
65	270	1427	1555	504
65	290	622	996	263
65	310	65983	112222	26140
65	330	2761	3498	1090
65	5100	9961	15878	6041
4	10	13749	19048	6743
4	30	9173	13278	5699
4	50	20033	27789	9188
4	70	9439	12375	5752
4	90	21024	31383	9286
4	110	95711	146663	34429
4	130	33635	50201	14577
4	150	69842	109515	22600
4	170	29980	45653	11079
4	190	10809	14512	5676
12	10	58058	91105	32594
12	30	187131	320528	126359
12	50	110764	163618	42188
12	70	146490	201150	61191
12	90	23360	33393	19131
12	110	40096	52819	18657
12	130	211564	315848	98321
12	150	68461	94231	24761
12	170	137559	238666	70401
12	190	28409	45696	10201
12	210	84759	134695	42229
12	230	166599	294516	78817
12	250	148993	219898	70387
12	270	107353	173743	44422
12	290	108315	146157	100408
12	310	122409	183719	58435
12	330	18566	23896	9558
12	350	57990	104277	26013
12	370	39694	55555	11684
12	390	120518	193859	74125
12	410	24964	36535	12143
66	10	139173	204673	50519
66	30	742	822	391
66	50	19678	19612	8397
66	60	8816	8669	2005
66	70	4089	4114	2101
66	90	14324	16626	4576
66	110	606	625	507
66	130	46988	54739	11893
66	150	15974	16308	7384
66	170	9290	9060	3880
66	190	1376	1400	567
66	210	293	288	206
66	230	2138	2037	687
66	250	20168	19806	5922
66	270	3392	4169	1898
66	280	5062	6396	1668
66	290	5707	5031	3649
66	310	25569	22605	3873
66	330	1374	1421	630
66	350	17463	20928	4756
66	370	3232	3404	1811
66	390	12202	12853	3328
66	410	5572	6124	2260
66	430	21759	25466	6385
66	450	35936	34001	7021
66	470	8795	9531	2993
66	490	28370	41159	10050
66	510	2106	2268	3125
66	530	5057	5558	1541
66	550	7354	8617	2555
66	570	3544	3618	1171
66	590	1253	1232	741
66	610	15105	17364	4572
13	10	73722	122546	42822
13	30	16722	17717	6766
13	50	370049	480398	140220
13	70	56018	82981	31825
13	90	26384	30044	11830
13	110	23977	32034	11598
13	130	40999	51164	22296
13	150	27130	35398	14335
13	170	15627	18868	7227
13	190	24912	38388	8318
13	210	16979	22812	10314
13	230	14797	19857	5953
13	250	13959	15775	7755
13	270	70716	108294	29683
13	290	254046	373726	147083
13	310	9908	14265	5477
13	330	13428	18530	6003
13	350	15585	19151	8967
13	370	17783	22569	8214
13	390	11536	17057	7120
13	410	1262	1750	901
13	430	19130	22807	11069
13	450	34465	47254	12178
13	470	673829	922758	285057
13	490	8872	9796	3234
13	510	18471	25789	6982
13	530	22058	26617	7935
13	550	198224	294753	89129
13	570	14140	17886	10100
13	590	314594	494418	182899
13	610	281050	699557	197384
13	630	61368	82345	33452
13	650	68857	96218	38762
13	670	131611	190247	60840
13	690	26877	37484	12504
13	710	95170	125806	32084
13	730	12530	16456	5258
13	750	38910	48721	13114
13	770	17668	22459	9107
13	790	23850	35277	7575
13	810	458405	802958	288343
13	830	43071	62696	20414
13	850	104742	156930	42313
13	870	76338	101348	26871
13	890	34818	43322	13520
13	910	52032	76075	18719
13	930	38267	57177	24711
13	950	9780	11435	4517
13	970	5562	6701	2659
13	990	9647	12432	4994
13	1010	29556	35175	14431
13	1030	366572	536428	141717
13	1050	19157	26340	10186
13	1070	16148	19768	5712
13	1090	27024	45236	8465
13	1110	43356	67822	21498
13	1130	16603	22556	8551
13	1150	16964	23361	7768
13	1170	27248	34658	10308
13	1190	212463	343843	126026
13	1210	12335	17510	5134
13	1230	6773	8029	3495
47	10	27449	41709	16065
47	30	7619	10966	3033
47	50	2281	3233	1781
47	70	7009	8391	3685
47	90	5379	7836	3803
47	110	4130	5488	2181
47	130	12140	14847	6320
47	150	6430	6963	2985
47	170	8483	10188	4072
47	190	13326	17780	7494
47	210	43730	66080	28220
47	230	20175	29082	9853
47	250	26818	38650	13048
47	270	18851	27839	8549
47	290	1597	2141	829
47	310	13160	20246	7515
47	330	5536	7775	2967
47	350	32006	47379	14174
47	370	9699	15495	5593
47	390	5142	6627	3825
47	410	3881	4483	2380
47	430	1797	2287	1453
47	450	23533	31886	11525
47	470	15076	17476	6661
47	490	24553	33923	9147
47	510	88776	127827	16848
47	530	3855	5242	1709
47	550	5543	9635	2841
47	570	34052	50103	15226
47	590	7346	10569	3837
47	610	11732	14505	5595
47	630	48632	84143	19492
47	650	17747	21421	6943
47	670	68956	110986	32537
47	690	10215	14284	4866
47	710	49752	68883	21093
47	730	2630	3431	1361
47	750	1918	2505	1159
47	770	10253	15501	4754
47	790	4403	6044	1887
47	810	91183	146417	41298
47	830	16890	19864	7936
47	850	19854	27363	7922
47	870	10956	16020	8544
47	890	16110	22742	15139
47	910	7044	7748	3285
47	930	7873	8984	2115
47	950	1524	1876	899
47	970	25220	35469	12232
47	990	7465	10297	3692
47	1010	22421	31842	10275
47	1030	2766	3369	1347
47	1050	11925	15576	5411
47	1070	16580	20948	7856
47	1090	14039	19907	5886
47	1110	9632	13158	5152
47	1130	5245	7260	5278
47	1150	4382	6088	2834
47	1170	7427	8884	3628
47	1190	139752	232118	47816
47	1210	3456	4997	2554
47	1230	6744	8877	3187
47	1250	14779	19497	12254
47	1270	21794	30420	9514
47	1290	32128	49399	15122
47	1310	5773	7072	3504
47	1330	45456	82181	6671
47	1350	23926	47682	8136
47	1370	2998	3762	1912
47	1390	9585	11770	4346
47	1410	7829	10492	4112
47	1430	2836	3357	1908
47	1450	8282	11438	4275
47	1470	31678	48194	10637
47	1490	3099	4433	3552
47	1510	28808	42408	12974
47	1530	13209	16003	6319
47	1550	36228	39340	11262
47	1570	22993	32483	12342
47	1590	29674	41309	16893
47	1610	15575	20449	8875
47	1630	13856	16868	6777
47	1650	11252	12638	3749
47	1670	14334	19163	7577
47	1690	10234	14876	4277
47	1710	15926	22859	9128
47	1730	3245	3887	1733
47	1750	6635	8414	4727
47	1770	1164	1245	678
47	1790	25994	33634	8125
47	1810	11729	14762	5061
47	1830	112114	205595	33193
47	1850	4816	5630	3093
47	1870	4323	4971	1938
47	1890	9765	16934	3931
47	1910	30418	43644	10730
47	1930	15771	22933	7836
47	1950	19454	25076	8416
47	1970	7641	11440	4529
47	1990	3827	5531	2643
36	10	879	981	681
36	30	3544	4067	2643
36	50	2695	2150	1120
36	70	384	372	126
36	90	2357	2428	1675
36	110	1073	1117	664
36	130	787	808	705
36	150	18627	24474	6411
36	170	29499	47572	10126
36	190	1746	1758	1188
36	210	1738	1869	1314
36	230	726	768	777
36	250	1314	1261	664
36	270	784	837	724
36	290	1350	1308	1034
36	310	1182	1155	824
36	330	694	593	435
36	350	21907	33559	6185
36	370	1014	993	754
36	390	907	935	795
36	410	963	938	773
36	430	984	928	665
36	450	1555	1476	1200
36	470	750	749	652
36	490	1888	1854	1360
36	510	925	952	1178
36	530	2244	2110	880
36	550	3217	3201	2016
36	570	3345	3656	1245
36	590	7742	8360	3194
36	610	2283	2097	1289
36	630	1105	1136	1174
36	650	848	827	271
36	670	2775	2951	1712
36	690	1380	1405	1223
36	710	3715	4283	2315
36	730	1629	1819	1283
36	750	930	972	620
36	770	5828	6352	2925
36	790	5269	4206	1330
36	810	1327	1431	813
36	830	546	582	499
36	850	1748	1247	235
36	870	293	300	113
36	890	7434	8574	3013
36	910	673	679	493
36	930	6419	7921	3606
36	950	1048	1073	818
36	970	2541	2833	1779
36	990	4101	4489	2605
36	1010	18288	24395	6511
36	1030	1527	1600	1412
36	1050	6838	7507	3008
24	10	8124	8829	3435
24	30	33778	40770	14689
24	50	14717	17012	6538
24	70	30085	35309	14668
24	90	17847	27221	5843
24	110	14202	16248	6009
24	130	18708	24112	13326
24	150	11027	12720	4470
24	170	88300	119370	29713
24	190	8009	9522	3621
24	210	10637	13169	4623
24	230	42974	53874	20445
24	250	48403	61854	13051
24	270	10855	13387	4618
24	290	31846	38346	16091
24	310	10592	12431	5104
24	330	14190	16895	6939
24	350	375601	536325	221066
24	370	16298	18922	7883
24	390	12502	14694	4603
24	410	20778	26670	6126
24	430	22214	27903	10451
24	450	31352	39611	11658
24	470	8066	9780	4063
24	490	270453	435607	92662
24	510	12417	14244	4859
24	530	9347	11296	3975
24	550	25390	29586	8629
24	570	41420	54535	13302
24	590	11606	13742	5828
24	610	250513	340360	115426
24	630	19618	25127	8492
24	650	9509	11664	4218
24	670	4518	5405	2790
24	690	9263	10341	3959
24	710	10800	12399	5357
24	730	7565	9146	3400
24	750	12812	11171	3530
24	770	18083	20964	6717
24	790	9219	10835	4232
24	810	21413	27198	13809
24	830	13831	17275	6994
24	850	59370	85620	25789
24	870	18675	21787	8218
24	890	38056	48669	15172
24	910	12906	15131	6106
24	930	83291	104718	31325
24	950	137530	181138	59930
24	970	10228	16342	3735
24	990	72150	93083	45083
24	1010	18940	24725	8134
24	1030	38413	47832	11860
24	1050	6834	7984	3450
24	1070	13272	13839	5311
24	1090	27652	34365	11742
24	1110	4413	5248	2420
24	1130	159684	228820	72008
24	1150	4422	4796	2133
24	1170	8912	10148	3059
24	1190	24570	29998	11353
24	1210	3573	3860	1704
24	1230	10999	14151	6210
24	1250	6727	7444	2444
24	1270	10048	11540	4081
24	1290	13082	20833	4798
24	1310	7651	8629	3290
24	1330	42933	60684	13341
24	1350	12210	14838	4928
24	1370	11704	12158	4129
24	1390	36480	46623	16377
24	1410	19163	27791	8570
24	1430	19137	22766	8297
24	1450	23906	28367	11942
24	1470	19088	21743	7972
24	1490	14672	16840	5223
24	1510	103397	136634	52971
24	1530	141123	201790	71214
24	1550	63741	82685	32860
24	1570	24298	30276	12524
24	1590	9411	13025	3548
24	1610	9228	10901	4557
24	1630	3449	3924	1525
24	1650	33715	47657	10318
24	1670	17926	22918	8502
24	1690	32313	38387	11803
24	1710	11426	13533	5063
24	1730	34708	48249	11468
24	1750	6717	7822	3262
53	10	6235	6231	2492
53	30	1486	2067	1462
53	50	3692	4499	1967
53	70	1799	1920	1016
53	90	5742	6267	3371
53	110	3456	3562	2212
53	130	9283	11049	5468
53	150	9259	9571	4907
53	170	24523	30037	6173
53	190	12788	14554	7083
53	210	10538	12390	4680
53	230	4718	4658	2849
53	250	997	1003	632
53	270	53556	79859	11708
53	290	1702	1829	1084
53	310	36399	48104	9607
53	330	1870	2084	1329
53	350	3655	4772	2484
53	370	18814	21533	7918
53	390	8527	10422	3588
53	410	7513	8207	5637
53	430	1555	1684	1205
53	450	1256	1315	1027
53	470	16283	20714	8746
53	490	7480	8420	5282
53	510	13032	14849	5658
53	530	1534	1699	1295
53	550	1473	2176	1600
53	570	1137	1042	906
53	590	1103	1207	842
53	610	3148	3338	2067
53	630	3518	3710	2951
53	650	9407	11289	3478
53	670	1909	2152	1535
53	690	3102	3184	1747
53	710	14013	16297	8392
53	730	4093	4459	2097
53	750	3280	3316	2537
53	770	3284	3288	1789
53	790	13194	14791	6542
53	810	9049	9691	4360
53	830	9145	10516	3874
53	850	2265	2851	1342
53	870	6971	8030	2757
53	890	10892	11173	4730
53	910	4325	4595	3621
53	930	2367	2476	1553
53	950	2746	3188	2480
53	970	10007	10871	5210
53	990	3366	3798	2321
53	1010	20642	23624	10752
53	1030	3243	3751	1795
53	1050	2783	3056	1921
53	1070	3363	3710	2059
53	1090	173954	242164	72542
53	1110	10996	11791	6299
53	1130	12583	14692	5696
53	1150	8814	9592	5657
53	1170	4622	5140	2524
53	1190	17423	28672	6730
53	1210	11081	13271	7385
53	1230	9895	12048	5718
53	1250	18146	20640	8456
53	1270	3075	3282	2072
53	1290	1264	1305	757
53	1310	17335	20105	5615
53	1330	7503	7974	4729
53	1350	10619	11712	4453
53	1370	11973	13899	7695
53	1390	5208	5840	2136
53	1410	3174	3082	2111
53	1430	145688	206657	58227
53	1450	15661	17829	4664
53	1470	13584	16317	7789
53	1490	3336	3541	2264
53	1510	2369	2946	2036
53	1530	5810	6949	2520
72	10	4297	4815	2886
72	30	20265	32904	6829
72	50	81405	108782	31989
72	70	9424	12029	5404
72	90	11726	13582	4720
72	110	16436	20227	10416
72	130	4190	4826	2244
72	150	4329	5582	4723
72	170	21079	28540	10398
72	190	27879	32283	14563
72	210	498	532	332
72	230	2314	2681	1140
72	250	2124	2386	983
72	270	5016	6384	2365
72	290	40577	52400	23712
72	310	4608	4837	1701
72	330	16475	19679	12835
72	350	17089	20780	8233
72	370	2162	2387	1033
72	390	78778	115618	37078
72	410	9725	12872	7800
72	430	26850	32968	13520
72	450	8740	8131	4057
72	470	66656	88224	32760
72	490	2514	2658	895
72	510	150265	253887	79393
72	530	14934	18164	7407
72	550	564	611	323
72	570	5476	6658	4502
72	590	18206	21964	8211
72	610	7340	8529	3336
72	630	1960	2215	1237
72	650	6321	7240	3786
72	670	91156	135177	31566
72	690	344	371	299
72	710	20794	24614	8648
14	10	22372	30356	10634
14	30	319307	509470	231911
14	50	19860	25672	12887
14	70	48496	65318	31520
14	90	13408	16678	7347
14	110	88641	127241	52526
14	130	36098	45645	22154
14	150	18119	21562	8940
14	170	152823	220720	58912
14	190	43158	59050	20481
14	210	43126	55936	30582
14	230	1649	1933	1095
14	250	14344	19962	10481
14	270	31010	62768	11109
14	290	105254	154472	40977
14	310	12233	15652	5793
14	330	21908	27273	12987
14	350	10478	13157	5944
14	370	17235	23833	9974
14	390	25485	30434	13301
14	410	51052	78399	26141
14	430	61572	95240	34012
14	450	144251	211265	84932
14	470	9785	12209	5576
14	490	82322	104408	38025
14	510	39050	50232	26076
14	530	1250	1413	970
14	550	33347	45112	17498
14	570	4096	4970	1796
14	590	11532	14155	6501
14	610	11983	17272	5951
14	630	26119	35419	12407
14	650	13032	15863	7944
14	670	5874	7556	2987
14	690	54917	76132	43193
14	710	125635	163656	55469
14	730	25501	32726	17783
14	750	30968	42451	17070
14	770	73648	113473	44865
14	790	79887	114342	64717
14	810	33292	43954	17940
14	830	13089	16490	7882
14	850	32444	42345	20777
14	870	12785	16199	7383
14	890	26964	37841	12499
14	910	168936	266278	101993
14	930	4747	6570	2926
14	950	65659	95556	37019
14	970	24841	33095	18287
14	990	12250	16380	4569
14	1010	427864	626196	240714
14	1030	7605	10164	4357
14	1050	4986	5529	2754
14	1070	37570	52117	30549
14	1090	10853	14170	4616
14	1110	21597	27292	13252
14	1130	1646	1918	1275
14	1150	11846	14146	6185
14	1170	12187	14341	6151
14	1190	10343	14558	4548
14	1210	16876	21016	8921
14	1230	12456	15769	7053
14	1250	52366	72631	35770
14	1270	10999	14000	6766
14	1290	92823	132853	63472
14	1310	8869	10400	3537
14	1330	91860	135097	44443
5	10	12603	18445	7698
5	30	40547	63674	24236
5	50	22508	37333	11303
5	70	154558	240629	93802
5	90	30752	46240	13508
48	10	7080	8526	3520
48	30	36686	46840	13796
48	50	3914	4466	1486
48	70	40755	53997	19732
48	90	5781	6087	2165
48	110	6771	7441	2489
48	130	26136	35515	10664
48	150	45485	56371	7453
48	170	3854	4632	1768
48	190	84809	131616	29881
48	210	13110	16646	5778
48	230	9988	11636	4293
48	250	11838	14159	4921
48	270	9311	9934	3787
48	290	11101	12142	4394
48	310	19532	23028	7417
48	330	10071	10312	3565
48	350	26893	36652	6136
48	370	5797	6943	2250
48	390	7143	8068	3041
48	410	36321	43855	12723
48	430	15181	16514	5954
48	450	89375	129322	38063
48	470	17276	22260	8224
48	490	6394	6335	2249
48	510	38270	57871	18229
48	530	5350	5414	1949
48	550	13105	16281	5292
48	570	16408	20413	6709
48	590	16837	21544	7805
48	610	6269	6761	2269
48	630	49391	70393	14897
48	650	2433	3680	1162
48	670	11625	11892	4240
48	690	9488	10739	3753
48	710	9634	12019	5123
48	730	15671	21044	7905
48	750	27709	31349	10547
48	770	27201	39141	10484
48	790	82091	130605	27133
48	810	4799	5823	2350
48	830	63429	88726	28785
48	850	32680	43969	9621
48	870	8477	10973	4494
48	890	13251	12739	4438
48	910	39046	52937	14001
37	30	984	825	681
37	50	5312	6120	3330
37	70	1233	1034	379
37	90	1909	2266	1594
37	110	7755	11037	2981
37	130	10580	13349	5362
37	150	1918	1666	910
37	170	842	540	132
37	190	2463	2675	1266
37	210	526	575	399
37	230	3135	2642	1607
37	250	1317	1204	955
37	270	4117	6034	1364
37	290	7150	8070	3622
37	310	1693	1252	456
37	330	1834	2082	926
37	350	5329	6118	3044
37	370	2024	1955	1618
37	390	1298	1298	937
37	410	2367	1848	459
37	430	1207	1009	783
37	450	1226	1166	998
37	470	1918	2202	1527
37	490	791	739	572
37	510	2634	2713	1509
37	530	1627	1483	1211
37	550	979	842	380
37	570	1546	1371	1126
37	590	1249	1222	869
37	610	992	896	484
37	630	586	574	229
37	650	4728	5594	1763
37	670	2232	2183	2135
37	690	468	477	397
37	710	1082	874	354
37	730	672	661	588
37	750	400	410	227
37	770	1651	1657	1408
37	790	3205	3610	1917
37	810	6446	7804	2952
37	830	5078	5539	2209
37	850	1312	1153	486
37	870	1700	1586	1291
37	890	783	771	889
37	910	1368	1400	1057
37	930	7763	8721	2154
37	950	820	659	280
37	970	942	895	800
37	990	37048	51798	14393
37	1010	2138	2074	1151
37	1030	26059	33786	8133
37	1050	1070	1230	827
37	1070	927	912	685
37	1090	3213	2885	1867
37	1110	874	852	537
37	1130	4865	3208	526
37	1150	2352	2568	1476
37	1170	839	843	266
37	1190	477	508	242
37	1210	4055	2769	475
37	1230	2234	2129	1191
37	1250	2457	2468	1928
37	1270	3207	3394	1693
37	1290	1683	1746	1273
37	1350	5610	7240	2878
37	1370	1008	686	173
54	10	18138	24813	10485
54	30	8617	10929	4536
54	50	3711	4862	2597
54	70	2682	3860	1161
54	90	22210	32999	12608
54	110	20900	29349	8171
54	130	10128	12357	5160
54	150	2904	3692	1595
54	170	7386	9228	4946
54	190	13106	19299	7824
54	210	8325	11341	2272
54	230	3737	4735	1917
54	250	7579	9873	3398
54	270	1887	2529	1174
54	290	7898	11002	3750
54	310	11494	14374	5624
54	330	3622	4549	2541
54	350	9093	11764	6108
54	370	133245	226044	59229
54	390	2657	3470	1980
54	410	3852	5035	2278
54	430	10621	13120	4383
54	450	9969	12867	5208
54	470	8390	8994	3320
54	490	4309	5317	1976
54	510	9868	12420	4998
54	530	12403	15627	8516
54	550	7307	8905	4156
54	570	4703	6430	2206
54	590	14471	20681	7735
54	610	4169	4562	1915
54	630	13733	19059	6036
54	650	77804	110922	38336
54	670	1889	2372	1058
54	690	7317	8352	3339
54	710	6297	7817	3514
54	730	11945	16901	5889
54	750	6216	6808	3006
54	770	6063	7809	3298
54	790	7111	9017	5484
54	810	4486	6456	2335
54	830	1895	2297	1248
54	850	4402	5455	2293
54	870	2355	3278	1598
54	890	8705	12267	4399
54	910	3593	4792	2266
54	930	87647	140218	42690
54	950	1770	2938	1055
54	970	7078	8630	3524
54	990	10251	12529	5206
54	1010	2759	3234	1396
54	1030	7806	9944	4368
54	1050	8164	11544	4553
54	1070	11691	15448	6073
54	1090	6077	7649	3615
54	1110	4481	5863	2305
54	1130	23147	30036	10763
54	1150	7306	9234	3035
54	1170	6076	7908	3267
54	1190	15813	20944	7254
54	1210	2266	3040	985
54	1230	8872	11024	4189
54	1250	30576	46278	7971
54	1270	1350	1657	640
54	1290	4997	6882	2034
54	1310	8805	11241	4936
54	1330	4772	6233	2719
54	1350	1822	2158	1095
54	1370	1223	1495	773
54	1390	3719	4829	1964
54	1410	14013	20799	6663
54	1430	7028	8783	3474
54	1450	12533	16508	7055
54	1470	12491	15905	5055
54	1490	36584	52745	10011
54	1510	5915	6732	2200
54	1530	2604	3373	1086
54	1550	13664	19620	6408
54	1570	254904	343345	86335
54	1590	3897	5129	2248
54	1610	2373	3209	1649
54	1630	36474	53085	20501
54	1650	31439	40518	10465
54	1670	12565	14222	4057
54	1690	1599	2110	993
54	1710	4063	5883	2840
54	1730	4072	5377	1511
54	1750	1426	1828	589
54	1770	9259	12015	4784
54	1790	23639	36919	12893
54	1810	3983	4956	2054
54	1830	8885	11970	5139
54	1850	5347	7076	3236
54	1870	25555	32443	6687
54	1890	20475	26986	6609
49	10	12692	21565	6096
49	30	5365	5070	1361
49	50	22282	25305	9079
49	70	4954	5515	3311
49	90	2437	2715	1114
49	110	600	568	440
49	130	11057	10469	3581
49	150	5841	6585	3511
49	170	2429	2306	970
49	190	2722	3270	1866
49	210	11961	14455	4732
49	230	1054	1247	1143
49	250	8719	9272	2862
49	270	62118	84437	16746
49	290	388002	481251	117370
49	310	1629	1862	1210
49	330	244	236	113
49	350	3921	4368	3716
49	370	24546	29728	11746
49	390	61731	80815	14948
49	410	37302	62610	8114
49	430	2463	3360	1217
49	450	583	551	409
49	470	2970	2633	1076
49	490	10368	11314	6077
49	510	4037	4447	2380
49	530	6057	6683	5098
49	550	8964	9418	3590
49	570	6148	6728	2105
49	590	3522	3750	2042
49	610	101597	90779	27515
49	630	2915	3226	1761
49	650	2119	2113	1016
49	670	9033	9689	5134
49	690	3589	2930	909
49	710	6602	7698	1903
49	730	12029	13809	7172
49	750	1694	1658	1350
49	770	2878	3148	1706
49	790	1593	1393	549
49	810	847	896	876
49	830	2542	2676	2497
49	850	83502	122272	13769
49	870	1024	1029	848
49	890	5311	5604	3665
49	910	14576	17824	8382
49	930	3472	3781	3148
49	950	763	1122	590
49	970	9543	10445	4881
49	990	20623	32925	3586
49	1010	623	595	543
49	1030	1757	1656	459
49	1050	1360	1407	479
49	1070	2480	2173	1167
49	1090	1307	1169	297
49	1110	1785	1833	795
49	1130	549007	842053	152514
49	1150	4933	4484	2227
49	1170	7359	6538	2071
49	1190	1313	1403	1146
49	1210	83465	138043	13775
49	1230	5468	5736	3975
49	1250	681	695	651
49	1270	4171	3357	1209
49	1290	994	975	945
49	1310	4694	4199	1692
49	1330	5064	5471	4240
49	1350	41237	45599	11048
49	1370	799	717	283
49	1390	28883	32580	8609
49	1410	215399	232398	48267
49	1430	8155	10861	4378
49	1450	5048	5836	3498
49	1470	6622	7732	5200
49	1490	5266	6153	4683
49	1510	1363	1374	1038
49	1530	2916	2576	1400
49	1550	474	507	454
49	1570	81113	99465	11125
49	1590	2162	2431	1466
49	1610	4660	5016	3055
49	1630	5107	4653	1488
49	1650	5526	4896	1295
49	1670	65917	86638	22771
49	1690	1756	1604	830
49	1710	4327	4881	4193
49	1730	549	521	87
49	1750	1772	1961	1014
49	1770	5448	5420	3049
49	1790	6893	7823	4162
49	1810	27021	33694	15513
49	1830	32161	39325	13925
49	1850	5580	7358	2582
49	1870	20518	24130	7786
49	1890	12258	12026	4299
49	1910	1020	1024	1032
49	1930	1884	2116	2105
49	1950	1955	1972	751
49	1970	1500	1484	1220
49	1990	13330	14734	4860
49	2010	889694	1264576	198222
49	2030	18389	20435	7785
49	2050	1121	1114	569
49	2070	1844	1885	1678
49	2090	20760	30451	5210
49	2110	1232	1266	493
49	2130	15775	17762	11245
49	2150	155495	134429	38438
49	2170	7610	8308	5684
49	2190	8855	8620	2579
49	2210	8049	9731	4668
49	2230	8515	10106	4690
49	2250	5917	7290	4106
49	2270	9676	11299	4687
49	2290	1023	1035	292
49	2310	19015	23026	9053
49	2330	8196	8610	3849
49	2350	503	551	215
49	2370	2012	2182	1312
49	2390	4029	4132	2237
49	2410	9650	9921	5037
49	2430	561	573	369
49	2450	71583	88064	33634
49	2470	1839	1646	692
49	2490	13521	12889	4395
49	2510	31267	37243	10086
49	2530	4953	5095	3115
49	2550	4161	3749	2227
49	2570	16796	19150	6191
49	2590	4206	4878	2349
49	2610	151	155	41
49	2630	284	276	217
49	2650	9283	10752	8965
49	2670	1138	1141	875
49	2690	117	139	22
49	2710	859	898	689
49	2730	10314	11976	2973
49	2750	1416	1401	1073
49	2770	12824	14859	7661
49	2790	4885	4558	2685
49	2810	4107	4406	2125
49	2830	1891	1768	706
49	2850	5018	5576	4419
49	2870	4162	4254	2044
49	2890	3589	3849	2508
49	2910	17015	19212	6192
49	2930	6006	6891	3978
49	2950	967	1003	514
49	2970	2852	3000	1564
49	2990	2074	2573	3965
49	3010	32	33	14
49	3030	69121	95362	21987
49	3050	2217	2140	1038
49	3070	2593	2547	1955
49	3090	57950	72538	25620
49	3110	223	259	122
49	3130	2814	4592	1745
49	3150	2696	2939	1961
49	3170	1837	1626	580
49	3190	877	953	839
49	3210	12599	13349	4272
49	3230	15239	12327	3082
49	3250	8947	9271	3832
49	3270	590	636	534
49	3290	36279	42141	9529
49	3310	7099	7089	4296
49	3330	1169	1220	1209
49	3350	2379	2392	1679
49	3370	4658	5104	3793
49	3390	59318	71782	15693
49	3410	6412	6583	1767
49	3430	3953	4269	2233
49	3450	398	391	402
49	3470	16411	23391	6470
49	3490	12129	13351	6863
49	3510	4404	4472	1828
49	3530	5111	5548	2742
49	3550	97971	113547	29422
49	3570	3040	3421	995
49	3590	998	643	240
49	3610	25525	29313	8740
49	3630	7263	8326	4264
49	3650	6853	7341	3483
49	3670	20022	24314	7095
49	3690	3543	3326	1231
49	3710	5496	4901	1446
49	3730	8344	8828	6281
49	3750	31141	36864	12806
49	3770	2383	2029	920
49	3790	1885	2083	1214
49	3810	27332	36275	8903
49	3830	1850	1693	340
49	3850	641	664	495
49	3870	3876	4280	3125
49	3890	5797	5594	1638
49	3910	2450	2570	1296
49	3930	329	342	117
49	3950	4851	4883	2851
49	3970	8188	10186	1976
49	3990	3356	3399	2339
49	4010	13358	14529	7534
49	4030	2226	2369	2439
49	4050	2156	2237	1787
49	4070	4744	5043	2561
49	4090	20945	20736	6097
49	4110	1527	1536	1250
49	4130	1036	950	461
49	4150	5941	6816	2474
49	4170	968	1022	680
49	4190	6384	6856	4252
49	4210	912	939	389
49	4230	45292	56443	20833
49	4250	1861	1936	641
49	4270	17588	14049	2858
49	4290	2689	2718	1732
49	4310	508	523	177
49	4330	557	595	417
49	4350	1398	1489	433
49	4370	2662	2458	1356
49	4390	351255	525557	97424
49	4410	37414	47831	14388
49	4430	449	432	200
49	4450	4793	4117	1799
49	4470	485	556	424
49	4490	7568	8473	3735
49	4510	30678	38379	12533
49	4530	161903	290146	41861
49	4550	2948	3258	2501
49	4570	4568	4770	3363
49	4590	9710	10653	4581
49	4610	1700	1543	419
49	4630	8434	7796	2916
49	4650	14134	14101	3743
49	4670	10723	11856	6777
49	4690	24740	28048	8118
49	4710	12622	25848	4495
49	4730	7726	9134	2562
49	4750	4735	4580	1460
49	4770	7856	8969	4526
49	4790	54178	49120	10493
49	4810	13159	13732	5755
49	4830	1689	1684	1281
49	4850	37247	47155	15600
49	4870	4435	4996	2838
49	4890	7067	5718	1976
49	4910	47282	60776	10631
49	4930	7608	8041	2868
49	4950	3084	2860	1101
49	4970	10755	12609	4339
49	4990	7835	8781	6177
49	5010	3302	3222	764
49	5030	5235	5881	3315
49	5050	3522	2929	1386
49	5070	4842	4141	1300
67	10	1850	1295	775
67	30	15683	11364	3573
67	50	28919	27536	5698
67	70	7673	6645	2700
67	90	251	224	68
67	110	81641	67432	11567
67	130	5757	3878	1070
67	150	4725	3269	808
67	170	1530	1128	556
67	190	2250	2192	826
67	210	8438	7308	1980
67	230	2424	1649	818
67	250	2019	1513	715
67	270	5118	3195	1362
67	290	2426	1645	458
67	310	437	283	248
67	330	771	524	194
67	350	274300	284901	61328
67	370	5898	4033	890
67	390	7231	4620	2150
67	410	6452	4354	2100
67	430	5550	6766	892
67	450	10438	9143	2292
67	470	9786	7289	1741
67	490	114802	100762	18417
67	510	4248	3331	936
67	530	19558	13832	7898
67	550	876	631	336
67	570	58557	56650	17562
6	10	10175	13755	3428
6	30	10069	13349	5340
6	50	8597	10449	3662
6	70	37460	61879	10636
6	90	1850	2232	915
6	110	12825	15960	4309
6	130	1532	2111	590
6	150	5920	8212	2161
6	170	8108	10148	3070
6	190	7424	8723	3250
6	210	17068	24662	8550
6	230	15589	22115	6893
6	250	11619	16849	5392
6	270	14503	20755	7967
40	10	8268	10706	5851
40	30	19325	29920	6598
40	50	3574	4664	1798
40	70	2545	3189	1156
40	90	7733	11076	3529
40	110	3443	4309	1811
40	130	29091	92171	19409
40	150	14894	21695	6182
40	170	1167	1634	746
40	190	12036	17893	5573
40	210	1621	2567	888
40	230	6496	9591	3047
40	250	4466	6013	2291
40	270	9706	12590	2722
40	290	3378	5033	1878
40	310	13048	18738	5475
40	330	5566	7459	2272
40	350	6580	9535	4245
40	360	1684	2454	710
40	370	3247	3834	2016
40	410	67203	91732	12815
40	430	3061	4650	1696
40	450	1129	1646	614
40	470	8103	11039	3480
40	490	2264	2675	1213
40	510	5343	6487	2147
40	530	5681	8006	2591
40	570	2256	2990	1551
40	590	220909	376146	53544
40	610	14337	20011	4504
40	630	3044	4309	1993
40	650	3434	4805	1618
40	670	10576	15178	5168
40	690	13422	18698	4309
40	710	4094	5804	2738
40	730	8995	11943	3355
40	750	3364	5989	1567
40	770	4111	5684	2696
40	790	3036	4352	972
40	810	2683	3026	1220
40	830	7880	10086	4780
40	850	17768	25284	6709
40	870	55279	94497	26984
40	890	14945	21702	7036
40	910	615	883	510
40	930	7156	9896	2808
40	950	9358	14231	4015
40	970	1738	2256	950
40	990	4136	5617	1262
40	1010	3183	4180	1380
40	1030	2452	2941	2818
40	1050	7085	8531	3833
40	1070	25380	39936	5223
40	1090	5632	7675	2792
40	1110	3250	3756	1958
40	1130	3305	4339	1773
40	1150	1870	2528	1891
40	1170	7559	10133	5028
40	1190	1930	2641	1900
40	1210	20886	36556	5962
40	1250	3403	4577	2017
40	1270	2900	4420	918
40	1310	3635	4066	2589
40	1330	2305	2913	2619
40	1350	3711	5506	2715
40	1370	5719	7701	3391
40	1390	5714	7900	3271
40	1410	4377	6118	2831
40	1430	15058	20994	7445
40	1450	3917	6986	1350
40	1470	5274	6704	2490
40	1490	8560	12380	1681
40	1530	71857	103505	6534
40	1550	8806	13053	5085
40	1570	1681	2491	860
40	1590	1847	2472	1405
40	1610	20193	30410	10706
40	1630	4666	6770	2542
40	1650	15796	22304	7621
40	1670	8062	11020	3508
40	1690	5787	8130	3878
40	1710	7808	11495	5280
40	1730	8464	11671	4892
40	1750	4651	6855	2504
40	1770	19007	24555	4209
40	1790	19905	27234	3627
40	1810	1789	2239	906
40	1830	2842	3660	1569
40	1850	13154	16844	6272
40	1870	7134	10283	3419
40	1910	11715	17108	6518
40	1930	3968	5052	2938
40	1950	11905	14676	5187
40	1970	6709	9309	3926
40	1990	13575	17004	3168
40	5100	19053	61088	11406
40	5150	1403	1963	1508
40	5200	4618	6354	3455
40	5300	1720	2257	1035
40	5400	8896	20728	4903
40	5500	47864	64685	12844
40	5600	1113	1453	1144
40	5700	3975	5699	2490
40	5800	1601	2382	1542
40	5900	13595	18377	9901
40	5950	1424	1707	1117
40	6000	4301	8996	2135
40	6100	2006	4158	1439
40	6200	2301	2750	1253
40	6300	4901	8639	2594
40	6400	1593	2219	1368
40	6500	38563	58391	12801
40	6600	8606	15063	3194
40	6700	6729	8955	3007
40	6780	1940	2921	1034
40	6800	18439	24982	10858
40	6830	8745	13950	1384
40	6850	2276	3217	249
40	6900	3995	5544	3130
40	7000	51730	76074	15804
40	7100	73376	126415	27458
40	7200	1254	1572	596
40	7300	10038	15211	5741
40	7350	3356	4208	925
40	7400	30860	40778	14399
40	7500	4972	7656	1355
40	7600	49130	88067	31181
40	7700	23692	38372	16446
40	7750	5703	8937	3944
40	7800	1844	2317	1410
40	7900	5834	9322	4147
40	8000	15510	19317	6752
40	8100	122161	189741	23214
40	8200	4810	6585	3119
40	8300	3048	5883	1372
40	8400	5414	9063	3345
73	10	4999	4573	1538
73	30	5283	6032	2920
73	50	36733	43343	11363
73	70	15285	18935	8195
73	90	14905	18666	11528
73	110	74164	94743	25367
73	130	1088	1272	769
73	150	24761	30145	11092
73	170	8294	9681	3178
73	190	2199	2227	667
73	210	14150	13744	3730
73	230	605	647	500
73	250	18781	18962	6981
73	270	18893	22428	10215
73	290	16932	24794	8288
73	310	4892	6532	4169
73	330	378935	684469	167092
73	350	58571	78310	20325
73	370	7456	11192	3547
73	390	5230	5948	2267
73	410	18481	20017	9306
73	430	2491	2609	1754
73	450	10514	13284	6300
73	470	10368	11467	4632
73	490	4942	5624	4067
73	510	2823	2896	1242
73	530	177624	245605	61486
73	550	2178	3301	2149
73	570	22938	28714	12415
73	590	2671	3077	888
73	610	140739	199787	44144
73	630	106633	142650	47978
73	650	10461	10479	3855
73	670	47948	64594	18834
73	690	906	1023	648
73	710	14046	18206	7614
73	730	36515	53145	16070
73	750	10753	19292	3670
73	770	63059	68218	24505
56	10	4589	5525	2515
56	30	17037	23657	6971
56	50	7805	9633	3251
56	70	3703	4443	2227
56	90	7112	9540	4425
56	110	25193	35605	15847
56	130	2326	2722	1243
56	150	3297	3494	1282
56	170	2064	2382	1134
56	190	13772	16405	8189
56	210	2226	2748	1249
56	230	2953	3760	1545
56	250	9246	12096	5867
56	270	4875	5911	2261
56	290	9081	12480	5633
56	310	2903	4014	1684
56	330	19025	23728	12295
56	350	7478	8884	3480
56	370	10677	14339	4103
56	390	53734	76744	32562
56	410	4631	6111	2839
56	430	6649	7754	2676
56	450	13373	15889	5422
56	470	11247	12032	5207
56	490	15088	19903	10455
56	510	10207	13489	5689
56	530	7158	8918	3560
56	550	17898	22977	10784
56	570	7803	9352	3918
56	590	11417	12764	3503
56	610	21240	33939	8243
56	630	3394	4180	2100
56	650	3074	4197	2039
56	670	8116	9538	3730
56	690	13055	17614	9618
56	710	2124	2860	1391
56	730	2150	2757	1096
56	750	2284	3066	1698
56	770	8677	10422	4073
56	790	12591	16707	4715
56	810	22296	27151	11757
56	830	7630	10290	4388
56	850	2787	3588	1773
56	870	4466	5133	2344
56	890	3679	5044	2486
56	910	4265	5394	2448
56	930	2074	2709	1293
56	950	2778	3347	1509
56	970	6869	8393	3366
56	990	12020	14853	5718
56	1010	3258	3732	1662
56	1030	5554	6554	2856
56	1050	1527	1838	745
56	1070	23701	31606	12873
56	1090	9225	10763	3160
25	10	3605	5196	3034
25	30	4947	5666	2905
25	50	12408	13914	6888
25	70	4010	4610	2470
25	90	58885	81594	21007
25	110	3969	4682	2263
25	130	3552	3938	2661
25	150	11359	13252	3772
25	170	16200	19089	7484
25	190	10342	10080	5460
25	210	13004	16177	7055
25	230	4996	5181	2682
25	250	98681	176254	34007
25	270	22353	28741	11342
25	290	7164	8955	4559
25	310	11946	15332	6807
25	330	10933	15128	4316
25	350	25657	35249	10594
25	370	1318	1539	771
25	390	27259	33518	12658
25	410	2656	2704	1656
25	430	15402	17954	7264
25	450	9027	11060	4654
25	470	5280	6133	3579
25	490	6212	7531	2867
25	510	1435	1864	1500
25	530	4944	5561	2840
25	550	20723	25536	8827
25	570	6398	7040	3797
25	590	38341	49955	16193
25	610	5788	6664	2987
25	630	28633	40613	12541
25	650	5108	5435	2488
25	670	5641	6269	3695
25	690	7933	9150	4375
25	710	23393	28762	12802
25	730	35728	43939	14611
25	750	11856	13596	7144
25	770	3263	3748	2513
25	780	1713	1237	328
25	790	274089	389156	130587
25	810	11581	12820	5389
25	830	8910	10384	4980
25	850	8152	10440	5721
25	870	43830	56770	15655
25	890	21585	27611	8060
25	910	2213	2303	1322
25	930	10566	13617	3485
25	950	10700	12055	5549
25	970	18989	26025	6603
25	990	4456	5020	3038
25	1010	52981	67592	21090
25	1030	5284	5826	3060
25	1050	41835	52916	17593
25	1070	4563	4924	2758
25	1090	16352	20189	5100
25	1110	13893	17040	7410
25	1130	3983	4365	2738
25	1150	10823	12286	6672
25	1170	30402	39189	15134
25	1190	6170	6576	2872
25	1210	7232	8621	4624
25	1230	7575	8305	4792
25	1250	4245	5066	4051
25	1270	20790	29700	10673
25	1290	3913	4304	2627
25	1310	29518	37814	9942
25	1330	91185	119275	29926
25	1350	13507	15977	8153
25	1370	5199	6140	3760
25	1390	38908	57896	18023
25	1410	22418	27183	10438
68	10	8919	15306	2358
68	30	3440	3076	1837
68	50	11196	12993	1094
68	70	5345	6514	1717
68	90	3959	4135	995
68	110	1815	1772	643
68	130	11398	11770	3873
68	150	3868	4100	1998
68	170	1361	1496	900
68	190	1801	1977	1073
68	210	22446	29750	7553
68	230	5102	4159	1265
68	250	19602	23588	6456
68	270	655	807	478
68	290	7297	8385	3076
68	310	2523	2650	1276
68	330	6968	8340	3527
68	350	1477	1795	577
68	370	14318	15605	2785
68	390	2910	5546	723
68	410	7917	7397	998
68	430	2729	2805	1165
68	450	2075	2319	828
100	0	71321886	99775147	31241831
