1	10	243580	283108	92120
1	30	238911	293445	96221
1	50	47198	55980	20512
1	70	38350	49062	15226
1	90	224827	275643	96792
1	110	75496	92292	24402
1	130	36811	49927	8520
1	150	30439	33360	11071
2	10	33177	34275	12758
2	30	32617	32543	9534
2	50	65986	79984	27498
2	70	9264	9526	3221
2	90	12411	14476	6429
2	110	35955	38766	13411
2	130	9585	11106	5280
2	150	7757	8533	4056
2	170	15792	15853	6867
2	190	45460	52142	14158
2	210	5674	5791	2532
2	230	9584	10918	3288
2	250	15424	15034	5678
2	270	9601	9963	3362
2	290	11331	11305	5076
2	310	44764	49747	17770
3	10	38731	45955	30725
3	30	43455	48563	20931
3	50	149920	161974	62060
3	70	2212	3273	1654
3	90	190593	221872	84384
3	110	18616	23998	8668
3	130	137657	151285	57751
3	150	41395	59622	13826
3	170	402505	528887	158344
3	190	1212	1866	877
3	210	177790	219727	76775
3	230	140983	147887	42517
3	250	174007	272235	84808
3	270	202444	228628	83211
4	10	13188	15091	5671
4	30	7640	9489	4539
4	50	19709	22515	7664
4	70	10914	11357	4983
4	90	20230	25423	8133
4	110	91308	105390	28214
4	130	30732	36542	12371
4	150	61985	76542	17809
4	170	27970	33112	8771
4	190	11372	12587	4812
5	10	14366	15637	5865
5	30	47575	54681	17570
5	50	25123	31651	9240
5	70	164775	196205	84649
5	90	30261	36955	9598
6	10	10410	11394	2852
6	30	10548	11627	4691
6	50	8596	9083	3252
6	70	39361	49453	8788
6	90	2117	2118	782
6	110	12406	12106	3917
6	130	1513	1656	533
6	150	5586	6713	1773
6	170	7687	8269	2727
6	190	8073	7960	2887
6	210	18249	21031	7721
6	230	16772	19476	6529
6	250	11160	13859	4889
6	270	15312	18456	6825
11	10	34498	38303	8492
11	30	127038	150548	37440
11	50	30309	32576	13247
12	10	57646	64589	30787
12	30	225909	295470	105276
12	50	122963	139251	28682
12	70	153440	168577	49232
12	90	22012	24875	16733
12	110	44956	45195	15516
12	130	269584	300529	98761
12	150	68230	74297	17723
12	170	164237	198788	69932
12	190	28573	33037	8104
12	210	91699	113506	35200
12	230	180609	229381	52732
12	250	160537	177052	59536
12	270	129466	155685	35796
12	290	100420	106648	71809
12	310	138530	159468	53141
12	330	21302	21883	7538
12	350	60967	75159	18282
12	370	40457	46175	10135
12	390	140136	172995	64667
12	410	26569	29984	10189
13	10	82425	105683	38594
13	30	19182	17438	5979
13	50	385305	407745	151298
13	70	65088	74867	27645
13	90	29160	28561	10784
13	110	26289	27152	10447
13	130	46366	48750	20879
13	150	31446	32837	12500
13	170	16938	16461	6162
13	190	27668	33314	6905
13	210	17895	19550	9421
13	230	16923	18063	5429
13	250	15295	14699	6867
13	270	78017	91682	27146
13	290	308559	352802	126176
13	310	11501	11766	5269
13	330	15819	14531	5731
13	350	17582	17533	8238
13	370	20072	20324	7031
13	390	12299	12917	6945
13	410	1490	1447	837
13	430	21659	21288	9265
13	450	30191	28858	11518
13	470	705935	794641	279544
13	490	9246	8100	2913
13	510	19524	21161	5998
13	530	23895	22746	6590
13	550	219037	267584	76976
13	570	15511	16485	9090
13	590	386421	444211	140396
13	610	289970	631455	204437
13	630	72172	77781	27127
13	650	80342	84665	33984
13	670	147927	170667	50848
13	690	28856	32246	10313
13	710	89057	94222	28184
13	730	13174	12932	4649
13	750	40984	41294	11120
13	770	18599	20715	8487
13	790	26956	29108	7330
13	810	492181	673334	281328
13	830	49053	53730	18949
13	850	114405	133440	35125
13	870	89207	94081	22082
13	890	41205	39700	12252
13	910	53237	58074	14058
13	930	43377	50537	21632
13	950	10494	9609	3872
13	970	6023	5828	2196
13	990	10657	11550	4424
13	1010	32901	32718	12670
13	1030	453167	464788	115828
13	1050	19335	21679	9835
13	1070	17995	17423	4611
13	1090	27136	40195	7252
13	1110	48218	57746	20460
13	1130	18334	18426	7222
13	1150	18808	18504	6825
13	1170	29213	30294	9126
13	1190	245375	301876	114159
13	1210	13429	14590	4543
13	1230	6910	6977	3266
14	10	22487	24649	7748
14	30	397278	503998	199566
14	50	23806	25133	11093
14	70	61744	68629	24305
14	90	15272	15622	5893
14	110	90065	106750	44171
14	130	42459	44855	19482
14	150	21765	21269	7657
14	170	159675	180734	38299
14	190	48651	54111	15793
14	210	56254	59795	25039
14	230	2021	2112	953
14	250	15094	16602	8327
14	270	34029	53329	8542
14	290	102459	120531	28686
14	310	14749	15447	5067
14	330	27502	27540	10933
14	350	12403	13297	4723
14	370	19061	21644	8262
14	390	29310	30063	11481
14	410	54095	66977	19086
14	430	68042	84038	29145
14	450	163204	189633	71322
14	470	12848	12316	4765
14	490	92919	98924	30536
14	510	49278	50800	22693
14	530	1512	1552	842
14	550	36082	39694	13705
14	570	4330	4454	1457
14	590	13236	13345	5598
14	610	13596	14783	5275
14	630	30640	34261	10167
14	650	15308	15759	7037
14	670	6193	6563	2417
14	690	63971	71918	37235
14	710	117105	131728	42338
14	730	31806	35604	14440
14	750	33519	37890	13634
14	770	76592	97497	35404
14	790	95110	107880	56119
14	810	37361	40792	15110
14	830	16234	15728	7771
14	850	39508	42897	16681
14	870	14981	15523	6318
14	890	20618	24648	9067
14	910	185656	227226	80879
14	930	4868	5641	2684
14	950	66168	78450	28301
14	970	28925	31738	16150
14	990	11888	13128	3707
14	1010	499782	588441	237370
14	1030	4860	5387	3292
14	1050	6117	5604	2302
14	1070	44629	48432	26955
14	1090	10969	12503	3544
14	1110	25243	27011	10803
14	1130	2064	1852	1036
14	1150	12574	12612	4922
14	1170	14110	14025	4909
14	1190	10339	12898	3531
14	1210	20256	22140	8083
14	1230	14841	15778	6467
14	1250	63674	73080	28742
14	1270	11043	11070	5460
14	1290	116759	134061	48711
14	1310	9220	9411	2959
14	1330	96953	114983	35944
21	10	22466	23916	10735
21	30	3998	3538	2236
21	50	5026	5337	2582
21	70	10107	10418	2939
21	90	1631	1527	1087
21	110	12458	12441	6183
21	130	1810	1730	1097
21	150	5822	5922	2914
21	170	4752	4882	2354
21	190	53788	78738	12059
21	210	11453	11727	5701
21	230	5026	5356	2938
21	250	4611	4676	2797
21	270	11478	11010	3986
21	290	16129	20566	6398
21	310	1648010	1945931	572453
21	330	6111	6657	3533
21	350	3695	3594	1591
21	370	24075	32503	6447
21	390	5666	6105	2569
21	410	6299	6612	2623
21	430	217107	272994	45471
21	450	6591	6893	3595
21	470	2366	2561	1410
21	490	10770	10650	4000
21	510	6719	7200	3758
21	530	4653	4748	2446
21	550	12734	13385	7931
21	570	13796	14227	6697
21	590	2344	2441	1239
21	610	5228	5029	2871
21	630	10362	11007	3320
21	650	2555	2744	1828
21	670	7513	7475	3895
21	690	1598	1640	898
21	710	2958	3078	1183
21	730	19503	19602	7594
21	750	10343	10591	5073
21	770	18271	28704	6068
21	790	3748	3508	1831
21	810	11340	12231	5575
21	830	6921	7138	2418
21	850	7996	7672	3054
21	870	2756	3367	1529
21	890	97539	106735	25320
21	910	35869	36304	11099
21	930	13799	14693	2621
21	950	18773	21348	8867
21	970	155413	171912	31812
21	990	34796	36823	16231
21	1010	5264	5422	3256
21	1030	11666	12721	4669
21	1050	12714	14844	5711
21	1070	9402	11362	4695
21	1090	11663	15521	4381
21	1110	51611	56846	13511
21	1130	38377	50099	11554
21	1150	42794	46932	15324
21	1170	15400	15513	8141
21	1190	78866	86594	29261
21	1210	13827	14125	6822
21	1230	4657	4699	2156
21	1250	6507	6437	2733
21	1270	4383	4719	2527
21	1290	3773	3967	1707
21	1310	6551	6535	2475
21	1330	6514	6739	2675
21	1350	9678	9835	5437
21	1370	11721	13000	5421
21	1390	4449	4812	2367
21	1410	15693	16174	5452
21	1430	64490	74174	23534
21	1450	6818	6996	3477
21	1470	5401	5764	2056
21	1490	5550	5703	3523
21	1510	1449	1312	776
21	1530	2935	2395	1664
21	1550	2034	2173	698
21	1570	10597	13234	5115
21	1590	5410	5889	2727
21	1610	53361	60034	19338
21	1630	94307	91668	29245
21	1650	7993	8779	5659
21	1670	54093	65445	22037
21	1690	2497	2617	1453
21	1710	1854	1916	1064
21	1730	7669	7528	3747
21	1750	2395	2311	1180
21	1770	15775	16819	6850
21	1790	44677	49010	12515
21	1810	4599	5516	3426
21	1830	30581	32250	12471
21	1850	4316	4572	1974
21	1870	7142	7310	3235
21	1890	4673	4729	2778
21	1910	5332	5527	3227
21	1930	4877	5562	3408
21	1950	22616	22603	7585
21	1970	119100	128771	23992
21	1990	16513	19768	8562
21	2010	83219	92685	25593
21	2030	11679	11724	3845
22	10	11088	9991	3301
22	30	100553	111080	28074
22	50	22386	24801	5767
22	70	3418	3146	1491
22	90	5207	5231	1955
22	110	12153	13254	4138
22	130	3981	4522	1321
22	150	6454	6677	2516
22	170	13304	13976	4995
22	190	30408	33771	7911
22	210	7767	8121	3854
22	230	10166	10572	4475
22	250	3366	3304	1313
22	270	9249	8970	3939
22	290	12119	11845	3699
22	310	8458	8099	2909
22	330	11872	11847	3718
22	350	42706	49169	12919
22	370	12090	12192	3898
22	390	46981	51519	13209
22	410	9812	9672	3108
22	430	20174	22320	6701
22	450	6150	6355	2569
22	470	7379	6628	2137
22	490	6132	6269	2783
22	510	10360	11254	4733
22	530	27305	28170	8594
22	550	9338	9894	4897
22	570	29120	31485	6054
22	590	15878	16314	3631
22	610	9641	9828	2751
22	630	24939	26736	5371
22	650	17866	18398	6430
22	670	30061	31922	7724
22	690	11915	12123	4732
22	710	12200	12795	4552
22	730	9716	9354	2555
22	750	7847	7634	3073
22	770	10229	11016	3414
22	790	8154	8465	2240
22	810	27566	29471	6708
22	830	13161	13877	6359
22	850	20095	22149	6272
22	870	10367	8498	2414
22	890	184032	185383	45808
22	910	35824	39195	11571
22	930	13741	14526	5450
22	950	46444	49632	15146
22	970	244042	290450	79298
22	990	13197	13329	4880
22	1010	3848	3781	1196
22	1030	14008	14853	3934
22	1050	30168	47689	7141
22	1070	11372	12381	4627
22	1090	18861	18932	4542
22	1110	5323	5115	1751
22	1130	12345	12585	3816
22	1150	1690	1718	678
22	1170	6031	6247	2619
22	1190	5283	5226	2173
22	1210	5242	5293	2455
22	1230	6460	6382	2557
22	1250	4160	4482	2083
22	1270	43163	48065	8213
22	1290	9029	9792	2820
22	1310	4534	4145	1882
22	1330	9543	10394	3585
22	1350	10080	10204	3684
22	1370	8605	7985	3185
22	1390	6883	6276	2555
22	1410	76523	86114	29126
22	1430	7429	7171	2203
22	1450	13702	14074	4381
22	1470	6477	6726	2560
22	1490	7811	7215	2860
22	1510	8066	8754	3007
22	1530	6436	6704	3468
22	1550	2375	2255	1046
22	1570	38957	54655	9927
22	1590	5545	5851	2025
22	1610	2384	2338	848
22	1630	49184	59626	22995
22	1650	5643	6017	2864
22	1670	34458	41400	14694
22	1690	12469	12765	4398
22	1710	3035	3014	1095
22	1730	14811	15926	3578
22	1750	7636	7445	2702
22	1770	24971	25649	9615
22	1790	8673	9027	2879
22	1810	7721	7938	3259
22	1830	8928	9214	3001
23	10	2803	2508	2003
23	30	3040	2960	1201
23	50	28953	29359	8391
23	70	11328	10817	3801
23	90	5226	5185	2444
23	110	4987	4571	2043
23	130	2857	2677	1301
23	150	15952	16316	4634
23	170	41267	43486	12120
23	190	3603	3706	1654
23	210	58850	59547	18766
23	230	13482	14200	4740
23	250	46284	49732	15945
23	270	16854	17083	5407
23	290	6662	6950	2435
23	310	6915	6649	2884
23	330	9459	10245	3605
23	350	7584	7148	3674
23	370	21337	20696	4219
23	390	3205	3092	1187
23	410	13519	12730	4943
23	430	7540	7993	4268
23	450	31188	34740	7023
23	470	7549	8311	2882
23	490	162008	168116	35835
23	510	6533	5950	2851
23	530	5477	5379	4079
23	550	18202	21445	5900
23	570	14431	13961	4725
23	590	14516	14358	5160
23	610	11970	13343	6046
23	630	12211	11027	5508
23	650	90868	123552	20512
23	670	18940	19325	4986
23	690	9218	9899	3818
23	710	3590	3496	2986
23	730	19306	23818	3827
23	750	49397	58213	15038
23	770	68128	88409	18909
23	790	3902	3728	1276
23	810	150189	168576	45414
23	830	449	521	543
23	850	2263	1890	1626
23	870	27408	26401	5004
23	890	4429	4868	1865
23	910	31588	31855	9171
23	930	37822	38999	7042
23	950	2122	2180	912
23	970	3338	3121	1528
23	990	233634	262829	53495
23	1010	7174	7318	3580
23	1030	24977	31327	6540
23	1050	8219	8713	3929
23	1070	13104	14917	3350
23	1090	8778	8431	3704
23	1110	26667	28220	5356
23	1130	3549	3275	1247
23	1150	49874	49126	11287
23	1170	16669	15818	5786
23	1190	2278	2043	1333
23	1210	54478	54719	16863
23	1230	12169	11023	4570
23	1250	323076	388444	89793
23	1270	7901	7089	2717
23	1290	5307	4929	2507
23	1310	3211	2928	1572
23	1330	6652	6068	2496
23	1350	2106	1935	1212
23	1370	5401	5155	1634
23	1390	57137	59589	13707
23	1410	4702	4228	2143
23	1430	4490	4353	3184
23	1450	82824	82880	21000
23	1470	49303	48267	14810
23	1490	19120	19500	6698
23	1510	14099	12803	5675
23	1530	2788	2593	1320
23	1550	26526	25877	6178
23	1570	21038	20253	5486
23	1590	23317	22902	8132
23	1610	80162	129625	16853
23	1630	767444	840117	244663
23	1650	8461	8291	3307
24	10	8719	7930	3109
24	30	38507	38962	12486
24	50	15347	16521	5431
24	70	35233	35286	12335
24	90	18450	24035	5411
24	110	14624	14568	5019
24	130	24936	27396	11635
24	150	11394	10699	3893
24	170	87529	99664	22907
24	190	8880	8991	2688
24	210	11276	11898	3908
24	230	49327	52945	17174
24	250	47218	50112	8967
24	270	11672	12223	3994
24	290	37083	38841	13382
24	310	11838	12118	4514
24	330	16508	17433	6085
24	350	438519	523736	191962
24	370	19115	18822	6853
24	390	14675	14527	3741
24	410	18690	20566	4773
24	430	26467	28048	8326
24	450	32658	33967	9376
24	470	8978	9521	3494
24	490	275116	360118	75232
24	510	13557	13426	3949
24	530	9875	10851	3538
24	550	27099	26727	5582
24	570	44187	51412	8683
24	590	13639	14177	5788
24	610	276494	315289	104459
24	630	21605	23340	7245
24	650	11042	11946	3859
24	670	5848	5906	2501
24	690	9733	9709	3490
24	710	11057	10863	4745
24	730	8199	8425	2937
24	750	12075	9665	2978
24	770	19466	19200	5657
24	790	10269	10234	3936
24	810	27957	30406	11800
24	830	14937	16440	5774
24	850	70523	80547	17056
24	870	21847	21883	7010
24	890	40661	44320	12312
24	910	12827	12972	5089
24	930	98235	101088	23274
24	950	152922	170527	54732
24	970	10873	12958	3027
24	990	87940	97661	35785
24	1010	22676	25458	6866
24	1030	41428	43913	8068
24	1050	7815	7949	3054
24	1070	14086	12759	4195
24	1090	30060	32397	9585
24	1110	5850	5919	2291
24	1130	180892	213719	57153
24	1150	4869	4496	2041
24	1170	9602	9454	2659
24	1190	28122	28530	10162
24	1210	3834	3626	1682
24	1230	13020	13381	4785
24	1250	7935	7571	2027
24	1270	11182	10402	3590
24	1290	14774	16497	3887
24	1310	7917	7612	2965
24	1330	46863	55836	9652
24	1350	12960	13464	4141
24	1370	12635	11088	3524
24	1390	43239	47542	13439
24	1410	20770	23384	7249
24	1430	22186	21913	6685
24	1450	27928	28238	11139
24	1470	21621	21504	6913
24	1490	15673	15232	4314
24	1510	120778	135222	42360
24	1530	163087	188623	58965
24	1550	78325	85981	24746
24	1570	26843	29243	10874
24	1590	9983	10905	3089
24	1610	9897	10371	4083
24	1630	4024	3940	1438
24	1650	34797	39107	7159
24	1670	21372	23077	7161
24	1690	33895	36488	9283
24	1710	12325	12834	4311
24	1730	36481	43921	8988
24	1750	7564	7623	3036
25	10	3795	4268	2306
25	30	5452	5218	2888
25	50	12705	12371	6083
25	70	4388	4270	2373
25	90	62470	67027	16823
25	110	4738	4457	2293
25	130	3733	3523	2282
25	150	11697	10707	2987
25	170	18632	17356	6622
25	190	11661	9791	5124
25	210	13926	14292	6319
25	230	5749	5088	2518
25	250	97729	148097	27036
25	270	24546	26123	9960
25	290	7713	8444	4003
25	310	14076	15398	6358
25	330	11335	13590	4071
25	350	26207	30655	8658
25	370	1376	1215	727
25	390	30278	30955	11031
25	410	3190	2612	1478
25	430	18322	17792	6732
25	450	9877	10201	4184
25	470	5699	5559	3263
25	490	6961	6395	2613
25	510	1845	1890	1386
25	530	5501	5263	2705
25	550	22434	23401	8189
25	570	6970	6305	3334
25	590	41130	44755	13284
25	610	6865	6254	2708
25	630	29231	35302	11001
25	650	6159	5479	2344
25	670	6752	5882	3264
25	690	8915	8303	4032
25	710	27768	27632	11271
25	730	38949	40064	12050
25	750	12760	12365	6343
25	770	3525	3341	2162
25	780	1620	1021	237
25	790	291849	355562	121547
25	810	11781	11256	4821
25	830	9858	9001	4334
25	850	9553	10252	4707
25	870	46644	47071	12792
25	890	23356	24435	5662
25	910	2613	2250	1272
25	930	11184	11947	3210
25	950	10748	10436	5039
25	970	20167	22890	5731
25	990	5140	4584	2777
25	1010	59807	62705	17580
25	1030	5636	5478	2758
25	1050	47793	50629	15293
25	1070	5353	4699	2363
25	1090	15661	16011	4434
25	1110	14131	14199	6607
25	1130	4023	3733	2232
25	1150	12031	10713	5710
25	1170	32957	34916	13436
25	1190	6810	5956	2597
25	1210	8636	8166	4277
25	1230	7953	7776	4423
25	1250	4617	4711	3231
25	1270	22892	26165	9182
25	1290	4161	3972	2226
25	1310	31591	31950	7125
25	1330	100443	103977	20914
25	1350	13683	13320	7449
25	1370	5646	5498	3378
25	1390	41908	49781	15288
25	1410	25299	25329	8760
31	10	2818	2748	1874
31	30	1673	1675	1077
31	50	5096	4424	2569
31	70	4812	4582	2891
31	90	2611	2449	1594
31	110	7875	7629	3455
31	130	45740	53559	14071
31	150	7673	8979	4306
31	170	8430	8714	3261
31	190	8473	7479	2790
31	210	6354	6576	3383
31	230	5641	5478	2909
31	250	4006	3878	2659
31	270	8147	6913	3392
31	290	5058	5178	3185
31	310	6011	6172	2715
31	330	14485	16650	6963
31	350	5084	5074	2538
31	370	5411	4892	2231
31	390	2631	2735	1476
31	410	6274	6770	2673
31	430	6913	6446	3445
31	450	19061	19360	7381
31	470	6452	6033	2660
31	490	9670	10381	3834
31	510	2893	2810	1560
31	530	3060	3122	1795
31	550	7118	5869	2370
31	570	14666	15670	6508
31	590	4590	5039	2538
31	610	34069	32889	10402
31	630	4396	4291	1967
31	650	8406	7849	4154
31	670	6380	6127	3022
31	690	3851	4094	2246
31	710	2817	2753	1737
31	730	3672	3554	2314
31	750	4515	4615	2242
31	770	3555	3346	2374
31	790	5501	5642	2744
31	810	4454	4484	2131
31	830	6768	6715	3754
31	850	5332	4831	2816
31	870	5846	6600	2888
31	890	3568	3060	2132
31	910	3718	3680	2018
31	930	2685	2584	1621
31	950	4721	4888	2528
31	970	8108	6987	3108
31	990	11383	12235	4967
31	1010	4587	6309	2451
31	1030	23457	42116	5811
31	1050	6776	6908	2744
31	1070	3921	3679	2590
31	1090	7405	6660	3296
31	1110	13570	14810	5886
31	1130	56229	65684	17123
31	1150	4107	4050	1667
31	1170	3048	3083	1898
31	1190	4442	3767	1971
31	1210	4019	3904	2157
31	1230	6911	7653	3677
31	1250	9497	10258	4270
31	1270	13134	14580	5770
31	1290	4366	4768	1709
31	1310	3965	3469	2305
31	1330	3411	3310	2354
31	1350	2782	2780	1694
31	1370	3877	4031	2640
31	1390	13930	14363	4885
31	1410	5270	5073	2985
31	1430	2679	2437	1441
31	1450	5525	5813	3642
31	1470	4230	3645	2161
31	1490	8519	7756	3557
31	1510	3531	3218	2093
31	1530	95414	118756	31495
31	1550	29648	29568	10011
31	1570	6138	6548	2868
31	1590	1655	1743	1297
31	1610	4243	4066	2664
31	1630	55025	62937	14251
31	1650	5058	4417	2421
31	1670	11284	10215	3906
31	1690	22013	34839	6036
31	1710	6220	5914	3326
31	1730	2382	2320	1776
31	1750	4316	4295	2477
31	1770	2716	2560	1616
31	1790	11972	12885	6819
31	1810	12760	13153	3224
31	1830	6436	6458	3275
31	1850	2187	2217	1880
31	1870	14747	14980	6748
31	1890	4077	4018	2297
31	1910	7523	7236	3093
31	1930	33040	34363	13414
31	1950	2648	2836	1693
31	1970	4841	4919	2952
32	10	4865	4773	2851
32	30	2687	2458	1829
32	50	6185	5912	2785
32	70	1779	1937	1271
32	90	9850	10632	4282
32	110	4607	4782	3231
32	130	3537	3374	2598
32	150	14713	15396	5567
32	170	911	923	725
32	190	1308	1312	1273
32	210	6938	6869	3869
32	230	985	975	721
32	250	700	663	596
32	270	2784	2805	2085
32	290	3680	3495	2810
32	310	2857	2999	1804
32	330	690	701	585
32	350	11360	12049	6012
32	370	10631	12544	7340
32	390	1256	1209	977
32	410	6056	5935	3940
32	430	3063	2830	1561
32	450	20479	33320	5056
32	470	1191	1240	883
32	490	1008	959	1034
32	510	8610	10604	2647
32	530	1840	1818	1516
32	550	8990	9039	1951
32	570	8245	8584	2992
32	590	6857	7263	3667
32	610	10558	13155	2029
32	630	1246	1107	617
32	650	1244	1157	710
32	670	2616	2615	516
32	690	1746	1807	640
32	710	600	581	249
32	730	2386	2289	2106
32	750	763	708	458
32	770	2082	2126	1769
32	790	9455	10544	4685
32	810	1389	1374	343
32	830	662	659	399
32	850	3864	3699	1820
32	870	4969	5009	2177
32	890	1434	1405	1179
32	910	86855	109072	20644
32	930	1287	1137	336
32	950	2697	2691	1581
32	970	1150	1236	742
32	990	8247	8049	4361
32	1010	758	759	420
32	1030	17860	21805	5280
32	1050	1048	1061	1054
32	1070	2374	2299	1752
32	1090	1090	1036	578
32	1110	10921	14884	4152
32	1130	8026	9169	4378
32	1150	3649	3815	3039
32	1170	3480	3589	2573
32	1190	1443	1468	846
32	1210	6980	7001	3295
32	1230	2546	2334	1667
32	1250	12981	13227	7456
32	1270	1777	1770	1457
32	1290	1203	1239	324
32	1310	3597	3100	2182
32	1330	5854	5943	3328
32	1350	1276	1328	917
32	1370	1807	2017	1429
32	1390	4831	4875	2541
32	1410	1593	1547	1472
32	1430	1703	1746	1276
32	1450	2280	2606	1357
32	1470	2096	2132	1532
32	1490	4717	5215	2201
32	1510	2941	3283	1840
32	1530	1232	1191	777
32	1550	20241	23121	8922
32	1570	1909	2001	1871
32	1590	3472	3596	2267
32	1610	20697	33505	3487
32	1630	2170	1931	1387
32	1650	1183	1190	1001
32	1670	2397	2615	1742
32	1690	15589	18203	5949
32	1710	1967	1960	745
32	1730	115734	143873	35119
32	1750	6047	6447	1475
32	1770	47747	58076	18529
32	1790	1213	1011	561
32	1810	2627	2534	1030
32	1830	1525	1566	1442
32	1850	1501	1512	1369
32	1870	852	826	217
32	1890	1612	1622	577
32	1910	7659	7764	4220
32	1930	2988	2914	1044
32	1950	1246	1189	811
32	1970	2113	2024	1273
32	1990	660	640	290
32	2010	2477	2141	2048
32	2030	1094	999	345
32	2050	3600	3514	2443
32	2070	1196	1244	1062
32	2090	57485	60769	20095
33	10	4092	3789	2605
33	30	77211	82112	8197
33	50	10311	9299	4280
33	70	11036	11573	3389
33	90	9161	9423	2770
33	110	2349	2110	1582
33	130	16662	21022	6025
33	150	9474	9169	4473
33	170	10216	9873	3804
33	190	13475	14232	3296
33	210	6696	5808	3921
33	230	4661	4556	2663
33	250	9447	8862	3098
33	270	16703	19499	4947
33	290	3063	2542	1521
33	310	1191	1441	609
33	330	4675	4415	2778
33	350	13643	13116	6511
33	370	72732	80723	11526
33	390	5303	5012	1880
33	410	9193	8895	4429
33	430	6019	5859	3593
33	450	7013	6364	3987
33	470	11514	11734	5471
33	490	12841	12656	6104
33	510	2129	1973	1535
33	530	268304	394046	102062
33	550	6200	5896	2717
33	570	4644	4267	2306
33	590	8877	8549	2548
33	610	14844	14425	5326
33	630	4314	4249	2221
33	650	4305	3812	1708
33	670	12109	12764	5081
33	690	1993	2006	1264
33	710	6110	5872	2046
33	730	3168	3043	2044
33	750	4210	4538	1466
33	770	1194	1143	620
33	790	8236	7543	3390
33	810	2671	2211	1575
33	830	8556	8815	3382
33	850	9982	10030	4155
33	870	2113	1477	869
33	890	4543	3909	1953
33	910	7567	7926	4143
33	930	6950	6251	3312
33	950	6389	5598	3044
33	970	11091	8634	4102
33	990	12683	11806	6367
33	1010	3895	3270	1811
33	1030	9478	10361	2819
33	1050	7143	6799	3409
33	1070	2926	2539	1933
33	1090	30791	37661	8574
33	1110	16098	15534	9327
33	1130	5191	5269	2203
33	1150	6778	6228	3004
33	1170	3799	3319	2158
33	1190	11773	10989	5360
33	1210	3612	3290	2217
33	1230	139682	181909	53326
33	1250	2018	1599	844
33	1270	6357	5722	3401
33	1290	6580	5942	3539
33	1310	16384	17163	5312
33	1330	3531	3236	1655
33	1350	4355	3989	1882
33	1370	69736	79004	30026
33	1390	17154	16900	3236
33	1410	11624	11778	2440
33	1430	5116	4597	2542
33	1450	40938	39772	10549
33	1470	10288	10790	3824
33	1490	3801	3812	1595
33	1510	4254	3689	2264
33	1530	8998	7315	3870
33	1550	1706	1422	1139
33	1570	6580	6223	2972
33	1590	5014	4111	2328
33	1610	6346	6225	2492
33	1630	43647	45882	6564
33	1650	3750	3782	2161
33	1670	2879	2540	1315
33	1690	15454	16830	6244
33	1710	22824	21009	6036
33	1730	4377	3954	2498
34	10	7786	10236	3114
34	30	4559	4530	2081
34	50	2509	2636	1648
34	70	8498	8305	4065
34	90	7331	6994	4636
34	110	3289	3278	2326
34	130	4700	4566	3190
34	150	3297	3143	2624
34	170	3299	3125	1651
34	190	31102	48523	7592
34	210	27217	29239	13443
34	230	11886	11983	5643
34	250	2621	2450	1765
34	270	10732	11995	3907
34	290	5296	5977	3417
34	310	18171	22807	7360
34	330	3629	3582	2406
34	350	1823	1713	815
34	370	18104	18772	4786
34	390	3172	3133	2782
34	410	3003	3002	2179
34	430	7580	8008	2631
34	450	2807	2649	1423
34	470	43631	54841	10654
34	490	5375	5214	2311
34	510	17468	22879	6097
34	530	4634	4421	2502
34	550	5955	5499	3143
34	570	2004	1987	1728
34	590	3665	3459	2314
34	610	2696	2474	1778
34	630	2501	2450	1558
34	650	4547	4526	2426
34	670	3718	3507	1849
34	690	12051	11301	5750
34	710	25361	24525	8324
34	730	3730	3687	2719
34	750	2162	2148	1855
34	770	56883	72486	22067
34	790	3368	3682	2363
34	810	2670	2781	2235
34	830	5728	5831	4067
34	850	1604	1472	1451
34	870	1919	1874	1538
34	890	3054	3050	1938
34	910	9033	8954	4598
34	930	3645	3404	1832
34	950	192805	235128	75613
34	970	26696	29736	12880
34	990	53599	57315	10648
34	1010	13538	16601	3594
34	1030	1678	1512	1154
34	1050	7816	7899	3630
34	1070	9250	9520	4983
34	1090	9174	8713	5130
34	1110	3526	3508	1801
34	1130	7406	7204	3255
34	1150	4156	4353	3452
34	1170	4777	4837	2839
34	1190	4883	4677	2222
34	1210	4745	4786	3266
34	1230	3180	3102	2090
34	1250	2407	2237	1237
34	1270	8910	9037	4907
34	1290	1189	1254	1091
34	1310	5931	5901	2936
34	1330	5580	4766	2365
34	1350	3739	3844	2040
34	1370	3021	3003	1812
34	1390	3604	3299	2227
34	1410	3965	3624	2815
34	1430	8335	7025	3157
34	1450	13139	13394	5558
34	1470	6934	7968	3390
34	1490	3135	2961	1937
34	1510	4355	3623	1823
34	1530	2350	2233	1434
34	1550	9142	7100	3841
34	1570	5614	5199	2799
34	1590	11188	11746	5865
34	1610	10842	12662	4124
34	1630	5868	5415	2820
34	1650	15761	19281	3009
34	1670	5898	5946	3238
34	1690	17211	17668	2359
34	1710	1781	1647	1323
34	1730	2852	2848	1384
34	1750	7698	8873	4234
34	1770	7161	7261	2829
34	1790	2398	2288	1065
34	1810	3858	3497	2286
34	1830	53196	58645	8684
34	1850	2492	2236	1979
34	1860	5374	4908	1925
34	1870	13694	13452	6629
34	1890	301558	362122	102395
34	1950	7432	7995	4369
34	1970	1466	1460	1038
34	1990	1638	1477	1168
34	2010	13962	13550	4795
34	2030	2587	2486	1119
34	2050	2247	2202	1762
34	2070	9156	9152	4650
34	2090	4205	4209	3059
34	2110	2037	2076	1650
34	2130	5352	5769	4409
34	2150	6652	6363	3383
34	2170	6034	6159	3377
34	2190	4815	4846	2270
34	2210	6746	5864	2074
34	2230	3358	3120	2201
34	2250	7190	6738	2743
34	2270	838	782	763
34	2290	5184	4798	2721
34	5100	134953	146747	79920
35	10	9256	10731	4790
35	30	2827	2494	1587
35	50	154	162	76
35	70	297	297	101
35	90	296	270	140
35	110	2386	2104	1343
35	130	4515	5271	1717
35	150	894	871	737
35	170	1374	1316	796
35	190	11645	13544	4162
35	210	2545	2404	1849
35	230	2911	2626	1792
35	250	6833	6935	2601
35	270	4050	3119	1980
35	290	1570	1485	759
35	310	2117	2243	997
35	330	3176	3079	1567
35	350	2574	2456	1437
35	370	3104	2824	2030
35	390	3898	3351	1986
35	410	4176	3985	2725
35	430	5978	6135	1712
35	450	3138	3339	1404
35	470	7395	7520	3116
35	490	743	631	530
35	510	2325	2072	1327
35	530	11362	11906	5418
35	550	130779	151783	41483
35	570	768	812	593
35	590	2338	2302	1573
35	610	1173	1122	1054
35	630	1140	1197	620
35	650	1718	1730	1627
35	670	6923	7870	4432
35	690	727	786	619
35	710	702	654	533
35	730	645	639	347
35	750	300	293	119
35	770	1173	902	673
35	790	15914	17097	5964
35	810	3073	3037	1299
35	830	1198	1196	920
35	850	428	424	178
35	870	1251	1206	752
35	890	4622	4174	2083
35	910	295	281	190
35	930	2282	1891	1123
35	950	2700	2879	2025
35	970	1509	1412	1152
35	990	2131	2295	1179
35	1010	2999	3089	1275
35	1030	417	413	205
35	1050	1605	1510	677
35	1070	3625	3164	2196
35	1090	58018	83406	19572
35	1110	12455	12935	4342
35	1130	346	282	145
35	1150	266	254	144
35	1170	181	163	105
35	1190	10035	11104	4580
35	1210	3030	2743	1406
35	1230	1929	1898	1037
35	1250	1507	1336	886
35	1270	2446	2722	1539
35	1290	1984	1878	1335
35	1310	4523	4415	2943
35	1330	1007	962	977
35	1350	1125	1109	638
35	1370	2925	3100	1744
35	1390	2743	2518	1452
35	1410	10048	9964	3529
35	1430	1959	1784	1265
35	1450	4032	4028	1954
35	1470	3147	3140	2536
35	1490	762	775	396
35	1510	3839	4030	2612
35	1530	34036	37979	2909
35	1550	6178	5810	2949
35	1570	12884	13010	4989
35	1590	5216	5528	2215
35	1610	2385	2184	1290
35	1630	1344	1087	875
35	1650	573	579	254
35	1670	2416	2216	799
35	1690	2124	2087	1665
35	1710	327	340	119
35	1730	2691	2122	965
35	1750	1687	1586	1158
35	1770	5333	5293	1916
35	1790	3162	3560	1366
35	1810	1371	1215	1131
35	1830	386	326	136
35	1850	4753	4913	2241
36	10	1116	1141	583
36	30	4374	4463	2403
36	50	3074	2213	1176
36	70	422	368	97
36	90	2995	2803	1621
36	110	1489	1373	571
36	130	1135	999	737
36	150	18806	22531	4599
36	170	27379	38472	8438
36	190	2492	2189	1302
36	210	2310	2245	1234
36	230	989	914	705
36	250	1641	1492	532
36	270	1063	965	729
36	290	2114	1464	912
36	310	1548	1334	761
36	330	817	694	386
36	350	22593	29760	5254
36	370	1456	1195	663
36	390	1041	1037	745
36	410	1400	1181	678
36	430	1295	1094	552
36	450	2065	1782	1170
36	470	1126	874	585
36	490	2531	2180	1448
36	510	1266	1148	1097
36	530	2633	2475	744
36	550	4134	3977	1783
36	570	3187	3569	961
36	590	9156	8899	2716
36	610	2605	2274	1182
36	630	1428	1347	1204
36	650	924	874	209
36	670	3289	3172	1720
36	690	2128	1737	1114
36	710	4336	4096	2086
36	730	2079	1902	1278
36	750	1187	1057	628
36	770	6593	6468	2773
36	790	5377	3700	1141
36	810	1826	1759	816
36	830	857	769	457
36	850	1718	1171	196
36	870	405	342	131
36	890	8602	9014	2323
36	910	975	895	505
36	930	7593	8589	3238
36	950	1224	1111	802
36	970	2955	2926	1845
36	990	4749	4822	2514
36	1010	20548	24082	5267
36	1030	2160	1871	1413
36	1050	7583	8387	2421
37	30	1212	962	650
37	50	5893	6304	2822
37	70	1216	943	323
37	90	2572	2264	1515
37	110	7955	10168	2605
37	130	12273	13241	4714
37	150	1789	1562	762
37	170	886	555	107
37	190	2802	2699	1191
37	210	669	591	380
37	230	3511	2747	1507
37	250	1468	1302	921
37	270	4522	6114	1271
37	290	7067	7040	2912
37	310	2263	1576	429
37	330	1988	2104	708
37	350	5841	5911	2764
37	370	2531	2156	1616
37	390	1727	1460	946
37	410	2391	1641	461
37	430	1430	1138	744
37	450	1722	1302	953
37	470	2528	2529	1450
37	490	1085	862	594
37	510	3124	2694	1433
37	530	1901	1688	1163
37	550	1035	914	359
37	570	1656	1305	1115
37	590	1563	1385	800
37	610	1246	947	512
37	630	580	559	223
37	650	4905	5391	1384
37	670	2780	2401	2043
37	690	686	537	386
37	710	1461	1036	365
37	730	929	795	587
37	750	473	445	222
37	770	1929	1757	1413
37	790	3323	3431	1878
37	810	6049	6532	2394
37	830	4750	4531	2120
37	850	1474	1189	469
37	870	2128	1692	1183
37	890	1150	997	812
37	910	1719	1496	1018
37	930	7847	8206	1705
37	950	903	700	260
37	970	1110	890	822
37	990	36090	42269	11596
37	1010	2238	1955	1106
37	1030	24389	28545	5921
37	1050	1464	1412	712
37	1070	1227	1018	648
37	1090	3901	2953	1957
37	1110	1001	847	586
37	1130	5871	3551	575
37	1150	2776	2836	1498
37	1170	963	903	250
37	1190	709	615	264
37	1210	3503	2423	383
37	1230	2473	2138	1067
37	1250	2669	2531	1947
37	1270	3694	3526	1560
37	1290	2243	2061	1253
37	1350	5992	6854	2542
37	1370	1093	686	143
40	10	9321	9522	5210
40	30	18021	24142	4410
40	50	4793	5114	1518
40	70	2763	2920	1050
40	90	9242	11171	3028
40	110	3915	4141	1478
40	130	28839	74659	17682
40	150	16881	20041	5860
40	170	1708	2142	793
40	190	11038	12850	3990
40	210	1848	2471	761
40	230	7261	8532	2439
40	250	5239	5013	1964
40	270	14700	14703	2566
40	290	3978	3776	1629
40	310	15306	17285	3954
40	330	6229	6429	1780
40	350	8254	9272	3726
40	360	2411	2475	562
40	370	4090	3736	1679
40	410	50677	60708	6514
40	430	2959	3465	1349
40	450	1169	1402	509
40	470	7354	7961	2891
40	490	2794	2492	1072
40	510	7183	7145	1860
40	530	7427	8236	2466
40	570	2770	2907	1383
40	590	193323	257874	26989
40	610	12032	13566	3336
40	630	3372	3985	1803
40	650	3407	3605	1218
40	670	11675	13133	3883
40	690	11683	13066	2787
40	710	5589	5979	2143
40	730	6214	7330	2384
40	750	3575	4484	1297
40	770	4933	5558	2370
40	790	2556	3063	686
40	810	4004	3552	1177
40	830	9851	10328	3920
40	850	16573	18774	4511
40	870	52341	71875	17897
40	890	19139	21601	4895
40	910	774	1038	464
40	930	7217	7828	2157
40	950	7172	8712	2129
40	970	1828	1971	827
40	990	3776	3895	875
40	1010	3094	3300	1070
40	1030	2573	2813	2169
40	1050	8662	8611	3619
40	1070	20545	23899	3874
40	1090	5875	6070	2236
40	1110	3878	3760	1671
40	1130	3261	3426	1451
40	1150	2037	2282	1756
40	1170	9070	9545	4069
40	1190	2039	2164	1541
40	1210	19999	30684	4368
40	1250	3750	3953	1825
40	1270	2871	3464	761
40	1310	4477	4318	2381
40	1330	2485	2686	1983
40	1350	4375	4453	2458
40	1370	5687	6052	2410
40	1390	6007	6676	2517
40	1410	5442	6087	2339
40	1430	21571	23731	7138
40	1450	4321	5692	878
40	1470	5582	5843	2108
40	1490	9775	11776	947
40	1530	57421	66314	3525
40	1550	11257	12788	3970
40	1570	1801	2171	807
40	1590	2069	2245	1051
40	1610	22322	28232	7028
40	1630	5431	6350	2042
40	1650	18003	22051	5887
40	1670	10626	11872	3213
40	1690	7672	8596	3362
40	1710	8037	9352	4087
40	1730	10267	11442	4228
40	1750	5980	6739	2040
40	1770	13059	13695	2260
40	1790	14826	16782	2229
40	1810	2052	1989	803
40	1830	3650	3555	1339
40	1850	16980	18462	5108
40	1870	6547	7430	2580
40	1910	14834	16866	5415
40	1930	4276	4172	2289
40	1950	15108	15948	4555
40	1970	8032	8834	3252
40	1990	12987	14321	1913
40	5100	21427	52296	9465
40	5150	1467	1819	1411
40	5200	5461	6375	2829
40	5300	2244	2332	730
40	5400	9625	19228	4547
40	5500	40680	44329	8088
40	5600	1382	1448	1089
40	5700	5045	5826	1493
40	5800	2529	2865	1605
40	5900	12558	15201	7028
40	5950	1375	1427	902
40	6000	5741	8381	1080
40	6100	2038	3917	1316
40	6200	2386	2391	936
40	6300	4263	5846	2245
40	6400	1673	2130	1159
40	6500	41443	49237	8525
40	6600	5800	8875	2124
40	6700	7560	8598	2554
40	6780	2204	2964	894
40	6800	19789	24039	9324
40	6830	5522	6937	911
40	6850	2725	2754	165
40	6900	5139	5780	2819
40	7000	47226	59702	11372
40	7100	81843	116202	24475
40	7200	1567	1613	604
40	7300	12935	14389	4746
40	7350	3143	3368	592
40	7400	33833	37294	11242
40	7500	4231	5650	1206
40	7600	57969	86646	30838
40	7700	27522	35233	15678
40	7750	6570	8828	3114
40	7800	2094	2250	1121
40	7900	5789	7712	3290
40	8000	15782	16024	5467
40	8100	91873	117006	11913
40	8200	4488	5289	1906
40	8300	2732	4896	1025
40	8400	5445	7202	3053
41	10	12156	11419	2824
41	30	26947	26180	9849
41	50	8886	7591	3332
41	70	5643	5176	2063
41	90	12091	12750	4317
41	110	3913	3097	1681
41	130	7484	6401	3432
41	150	40964	44977	11609
41	170	13160	12245	5712
41	190	5988	6482	2338
41	210	10229	10343	3974
41	230	6374	5274	2111
41	250	10451	8837	3555
41	270	4656	4293	2078
41	290	4178	4305	1593
41	310	12852	13645	4379
41	330	17798	19099	6113
41	350	5597	4740	2521
41	370	3825	3534	1560
41	390	11287	11322	5985
41	410	4606	4206	2358
41	430	20014	20893	7780
41	450	16902	19885	3757
41	470	20699	17098	6679
41	490	17485	18159	7199
41	510	14691	15438	4939
41	530	13326	13304	4660
41	550	33048	34786	13104
41	570	6138	6175	2722
41	590	8946	9632	3885
41	610	7998	7747	3530
41	630	4361	3049	1790
41	650	5980	4409	2418
41	670	5205	4878	2194
41	690	25691	26945	7685
41	710	17603	19064	5187
41	730	206992	247688	81072
41	750	5433	5312	2406
41	770	26460	29254	8775
41	790	11162	10298	3302
41	810	25718	33656	5634
41	830	16020	16315	4905
41	850	5849	3808	1537
41	870	9609	8991	3635
41	890	66781	77364	14232
41	910	9379	7570	3454
41	930	9823	10198	4071
41	950	21234	22765	7909
41	970	128677	134290	35170
41	990	8677	7018	2950
41	1010	67427	73633	19848
41	1030	30621	32857	9024
41	1050	5966	4190	2285
41	1070	7713	6565	3083
41	1090	9608	9644	3922
41	1110	6704	6196	3029
41	1130	16407	16266	5014
41	1150	14272	14770	4176
41	1170	23328	26843	5289
41	1190	6600	5110	2437
41	1210	26940	24431	8126
41	1230	12895	12309	5355
41	1250	45639	54070	13323
41	1270	22940	23616	8646
41	1290	6502	5625	1820
41	1310	6153	3971	2145
41	1330	7363	7652	2528
42	10	7707	7793	3421
42	30	9558	8604	3409
42	50	6550	6737	7491
42	70	23854	25185	12467
42	90	7900	8367	4352
42	110	4376	3958	2543
42	130	1980	1844	1024
42	150	4463	4886	3062
42	170	6907	4837	2748
42	190	7395	8316	3359
42	210	6189	6054	3821
42	230	4830	4938	3034
42	250	2581	2488	1269
42	270	8714	8373	4230
42	290	6635	6034	2815
42	310	20753	24208	6912
42	330	12866	12893	4375
42	350	19817	16558	4798
42	370	7755	6596	2549
42	390	3374	3227	1794
42	410	7562	6161	2709
42	430	6278	6131	2393
42	450	15870	17427	4910
42	470	4821	4632	2354
42	490	2883	2826	1938
42	510	19335	21459	13738
42	530	4357	4506	1672
42	550	9931	10354	4362
42	570	7720	7275	4008
42	590	8538	8816	3810
42	610	4390	4096	2365
42	630	9627	10374	4227
42	650	2748	2764	2665
42	670	7099	6870	3205
42	690	32083	30863	11053
42	710	5385	5410	3006
42	730	3563	2905	1810
42	750	5791	5766	3103
42	770	6271	4152	2282
42	790	4323	5011	1806
42	810	5043	4556	1841
42	830	6660	6032	3431
42	850	12533	11846	4007
42	870	3584	3539	1774
42	890	3302	3095	2208
42	910	12935	12379	5051
42	930	22307	20602	6564
42	950	5096	3905	2251
42	970	2229	2290	1459
42	990	3616	3264	2044
42	1010	2585	2564	1032
42	1030	9597	9392	4902
42	1050	2453	2249	1053
42	1070	13933	9938	4796
42	1090	3264	3303	1717
42	1110	9362	8828	3464
42	1130	5382	4899	3117
42	1150	13121	14129	4607
42	1170	3365	3170	1500
42	1190	111325	135505	33215
42	1210	5515	5229	2572
42	1230	12390	9560	3704
42	1250	18157	20069	4851
42	1270	3094	2889	1618
42	1290	2723	2602	1501
42	1310	30397	34076	12085
42	1330	4608	4507	2186
42	1350	4095	3664	3314
42	1370	2808	2838	1390
42	1390	15360	15469	7626
42	1410	3917	3587	2381
42	1430	32006	40918	10741
42	1450	17003	17399	6881
42	1470	3993	3298	1844
42	1490	5233	5237	2861
43	10	46802	73412	10747
43	30	5613	5720	1340
43	50	32309	36333	9257
43	70	6297	7648	2085
43	90	78541	92201	34666
43	110	241530	329938	223682
43	130	3137	2860	1425
43	150	10385	11579	19855
43	170	11567	11970	15870
43	190	25028	25632	4931
43	210	22349	26436	16390
43	230	12457	12389	3595
43	250	444282	567123	255286
43	270	5850	6185	3089
43	290	2524	2609	937
43	310	184282	220434	55163
43	330	77665	89131	20747
43	350	2775	2931	2003
43	370	2609	2372	1145
43	390	15481	13448	5025
43	410	2007	1862	634
43	430	1866	1702	881
43	450	3682	3322	1209
43	470	3355	2788	1159
43	490	7217	6262	2204
43	510	7085	6426	1600
43	530	10516	10562	10853
43	550	11807	12089	12527
43	570	200821	244112	74313
43	590	4866	4589	2126
43	610	15554	17521	12180
43	630	13145	12840	5430
43	650	3899	3333	1418
43	670	1437	1329	491
43	690	26627	27572	26640
43	710	50539	58454	45871
43	730	47081	70056	9764
43	750	6132	5986	3103
43	770	1421	1394	516
43	790	5420	4453	2119
43	810	34824	40315	40156
43	830	35557	37068	20899
43	850	15166	18052	15654
43	870	14434	23664	8927
43	890	11963	12115	2549
43	910	37995	45011	6373
43	930	7172	6492	2451
43	950	147567	177344	50007
43	970	14407	15769	8749
43	990	138877	176913	134452
43	1010	40365	43424	59437
43	1030	157357	201139	202825
43	1050	99080	110390	46033
43	1070	15892	15002	7659
43	1090	15535	16755	7501
43	1110	25592	27627	14797
43	1130	19516	22055	4072
43	1150	40212	51838	60609
43	1170	58431	66874	17616
43	1190	7306	7419	4054
43	1210	7627	6973	3105
43	1230	5621	5501	2095
43	1250	2548	5448	609
43	1270	64157	76906	57794
43	1290	3839	3822	1225
43	1310	6392	6339	3395
43	1330	4722	4358	2254
44	10	5874	5381	1607
44	30	2351	2027	673
44	50	3472	3073	1018
44	70	1429	1197	484
44	90	11602	13029	3679
44	110	2880	3155	1016
44	130	7347	7464	2488
44	150	14269	14647	4009
44	170	5385	5302	2229
44	190	4658	4644	1548
44	210	49853	54184	16148
44	230	3881	3536	1242
44	250	3327	3087	795
44	270	5662	4488	2255
44	290	3951	3718	752
44	310	12788	13872	3516
44	330	7506	6170	2287
44	350	4646	5090	1470
44	370	2096	1668	844
44	390	5002	4896	1112
44	430	2479	2314	1223
44	450	19792	20962	5910
44	470	12643	14194	3077
44	490	2946	2398	741
44	510	67930	74524	21063
44	530	9025	11930	177
44	550	7057	7208	2743
44	570	18448	21170	4133
44	590	22456	36040	5890
44	610	1237	1001	579
44	630	54687	65492	6521
44	650	2561	2235	655
44	670	96234	133848	16305
44	690	9973	9373	2771
44	710	12514	11486	4369
44	730	14907	16643	2022
44	750	4981	4315	1620
44	770	13624	13840	4297
44	790	2871	2750	759
44	810	7126	6262	2427
44	830	4337	4709	1064
44	850	1605	1699	504
44	870	9377	8226	3074
44	890	152819	206860	33983
44	910	5934	5428	2246
44	930	4091	3251	1491
44	950	38528	38071	7300
44	970	20538	22043	3448
44	990	5010	3977	1737
44	1010	871	800	261
44	1030	6888	6670	1569
44	1050	6203	6247	2534
44	1070	7488	6717	2632
44	1090	3100	2683	1089
44	1110	4302	4697	2232
44	1130	10559	11732	1722
44	1150	25337	28219	9510
44	1170	9743	10794	2353
44	1190	4880	5058	2018
44	1210	181591	241491	61456
44	1230	3494	3871	1450
44	1250	727	735	405
44	1270	18165	19744	6128
44	1290	10482	10841	2948
44	1310	7172	6326	2649
44	1330	4080	3533	1661
44	1350	58652	75454	8563
44	1370	8321	9084	2738
44	1390	25100	28208	7533
44	1410	3724	2863	1201
44	1430	6135	6205	2299
44	1450	4965	5087	1887
44	1470	6246	6124	2399
44	1490	2244	2142	826
44	1510	12511	13533	3200
44	1530	28259	30704	4142
44	1550	3156	2758	1265
44	1570	8526	9105	2907
44	1590	2540	2543	1018
44	1610	4183	4011	1149
44	1630	6816	5776	2518
44	1650	3190	2845	1060
44	1670	3004	2722	1218
44	1690	5883	6249	1401
44	1710	4241	3985	1535
44	1730	2143	1843	672
44	1750	12751	12282	4617
44	1770	4440	4663	757
44	1790	14558	18473	1300
44	1810	2302	2189	807
44	1830	1717	1668	386
44	1850	24526	26460	5923
44	1870	3791	4028	1069
44	1890	6627	6447	1859
44	1910	3050	2703	898
44	1930	5205	4551	1766
44	1950	6109	6628	1759
44	1970	1982	1715	652
44	1990	7636	6971	2604
44	2010	2496	2171	965
44	2050	8299	6755	2343
44	2070	4895	5217	1772
44	2090	2441	2543	845
44	2110	4234	3884	1457
44	2130	7316	7571	1518
44	2150	58075	63969	15144
44	2170	12677	11980	3577
44	2190	4225	5161	1057
44	2210	3147	3076	1062
44	2230	9343	9969	2272
44	2250	7114	6993	1690
44	2270	3733	4060	1523
44	2290	4332	4116	1288
44	2310	3085	3037	1060
44	2330	10691	10675	4296
44	2350	3067	2864	1226
44	2370	3465	3498	1176
44	2390	830	668	339
44	2410	3061	3519	1557
44	2430	3471	2786	1559
44	2450	62434	72144	15243
44	2470	13376	14254	2584
44	2490	1326	1138	426
44	2510	4870	4597	1851
44	2530	3210	2768	1203
44	2550	16665	16807	5199
44	2570	6928	7619	2803
44	2590	2182	1691	833
44	2610	10618	10152	3664
44	2630	2321	2163	863
44	2650	629	553	426
44	2670	5675	6969	2135
44	2690	2797	2586	1028
44	2710	3886	3536	1722
44	2730	4490	3815	1568
44	2750	13484	12600	4611
44	2770	12277	11652	3292
44	2790	8200	7646	2522
44	2810	1723	1643	951
44	2830	2181	1919	844
44	2850	16448	17021	6565
44	2870	3602	3000	1172
44	2890	3565	3097	979
44	2910	2906	3048	1429
44	2930	8288	8331	3755
44	2950	18572	20018	6225
44	2970	11340	10822	3376
44	2990	12864	12380	4426
44	3010	2363	1953	973
44	3030	6848	6152	2415
44	3050	7310	7202	2186
44	3070	839	753	285
44	3090	1876	1551	760
44	3110	3247	3537	1307
44	3130	22841	25292	5652
44	3150	2551	2354	1176
44	3170	3536	3502	1587
44	3190	3857	3503	1126
44	3210	6691	6123	1997
45	10	21635	18392	6118
45	30	7783	6738	2678
45	50	19889	18856	3694
45	70	9039	7626	1983
45	90	15162	12585	5642
45	110	10903	10657	2927
45	130	5496	4794	2828
45	150	29473	32278	5509
45	170	85316	89487	29205
45	190	59598	61807	14485
45	210	3690	3313	1663
45	230	3452	3234	851
45	250	4474	3933	1547
45	270	5689	4762	3164
45	290	8618	7492	2355
45	310	8914	7903	3923
45	330	129576	152732	25382
45	350	5016	3300	1513
45	370	6667	6841	2238
45	390	12682	10308	3948
45	410	8832	7049	3665
45	430	5760	5205	2428
45	450	24615	22534	5591
45	470	12104	11256	3295
45	490	5851	5256	2789
45	510	156529	184879	31882
45	530	12234	10416	3525
45	550	53676	62579	10069
45	570	31919	30951	5929
45	590	5646	5609	2402
45	610	13875	15774	4262
45	630	22636	22856	4043
45	650	6491	4541	2303
45	670	12829	10425	4593
45	690	14577	13280	5112
45	710	182131	207375	65323
45	730	50855	49963	13924
45	750	10238	9721	1672
45	770	9047	7872	2736
45	790	48006	47911	14309
45	810	3775	3125	1540
45	830	7993	6539	3328
45	850	8629	7626	3823
45	870	22129	23842	4615
45	890	14579	13939	2377
45	910	3963	3001	1187
45	930	8632	7585	1920
45	950	12844	12297	2133
45	970	32611	27013	9023
45	990	16197	14104	3357
45	1010	25301	23921	4677
45	1030	40889	41861	8289
45	1050	30616	28346	8282
45	1070	3234	2293	1370
45	1090	37784	36293	5890
45	1110	7016	6523	3373
45	1130	17795	15901	5543
45	1150	20015	23786	3285
45	1170	15491	14199	5508
45	1190	14142	13937	6380
45	1210	7497	6849	1507
45	1230	4490	3893	1956
45	1250	2973	6561	857
45	1270	5933	5330	2554
46	10	13574	12566	4323
46	30	10973	11609	4166
46	50	4917	3850	1975
46	70	6839	5670	3316
46	90	3078	2367	1155
46	110	19480	14055	5538
46	130	5307	4912	2383
46	150	3522	2956	1440
46	170	6491	5817	2353
46	190	3266	2763	1374
46	210	4660	4206	1495
46	230	5973	5323	2441
46	250	7917	7031	2493
46	270	15228	10671	4825
46	290	9852	8189	3751
46	310	5876	5010	2118
46	330	21332	20182	3717
46	350	21911	25540	7273
46	370	2775	2481	1289
46	390	5918	5157	1598
46	410	3774	3181	1157
46	430	7616	6856	2609
46	450	8812	7765	2883
46	470	56518	59619	13671
46	490	86875	96399	24172
46	510	9659	5994	3408
46	530	5940	3873	1828
46	550	1054	789	275
46	570	6733	6898	2785
46	590	45344	45068	7447
46	610	6343	5342	2369
46	630	3727	2755	1257
46	650	5384	4158	1791
46	670	20593	21039	7977
46	690	3757	2981	1574
46	710	9523	13499	3284
46	730	8831	8925	2050
46	750	26209	26896	9621
46	770	4632	4016	1595
46	790	6436	5652	3007
46	810	19497	20838	6233
46	830	16380	13075	5245
46	850	10737	9705	4018
46	870	20942	21899	5305
46	890	16310	14390	4340
46	910	9304	8033	3324
46	930	11763	9473	3005
46	950	13035	11895	4696
46	970	4603	3794	2276
46	990	8391	7492	3325
46	1010	6731	5967	3175
46	1030	5269	3857	1803
46	1050	12820	15683	2911
46	1070	10838	8340	3897
46	1090	12570	11383	3375
46	1110	3787	3243	1071
46	1130	13186	11105	4995
46	1150	7045	6759	2960
46	1170	8173	7964	3253
46	1190	5181	3478	1796
46	1210	24988	27101	5367
46	1230	9006	7943	3133
46	1250	3440	2330	935
46	1270	8403	7547	3094
46	1290	5326	4829	1995
46	1310	3658	3207	1053
46	1330	13825	11403	4228
46	1350	7047	4773	2382
46	1370	7868	6617	2328
46	1390	6397	5978	2806
46	1410	5715	6302	2508
46	1430	4299	2575	1250
46	1450	7116	7025	3229
46	1470	5156	4129	1933
46	1490	18842	18062	5810
46	1510	29338	22829	8123
46	1530	7301	6473	2086
46	1550	3280	3095	1821
46	1570	3620	2979	1553
46	1590	6815	5956	2931
46	1610	4465	3899	2184
46	1630	10365	8064	3822
47	10	29854	35306	11437
47	30	8346	9632	2252
47	50	2783	3196	1438
47	70	8988	8264	3330
47	90	6723	7675	3233
47	110	4844	5182	1610
47	130	13209	13633	5176
47	150	7418	6480	2699
47	170	10496	10546	3315
47	190	11968	12450	3847
47	210	46824	57171	22096
47	230	23302	26853	7194
47	250	26648	30424	10105
47	270	22537	25178	6369
47	290	1938	1970	693
47	310	12291	15160	4758
47	330	6899	7570	2113
47	350	33738	39771	10117
47	370	9883	12793	3801
47	390	5836	6162	2835
47	410	4004	4024	1782
47	430	1854	2175	1094
47	450	27888	29738	9097
47	470	17511	17687	5553
47	490	24642	29190	5450
47	510	90972	111307	11219
47	530	3543	3895	1303
47	550	3494	4993	1690
47	570	36484	41954	10986
47	590	7885	9099	2510
47	610	13912	13742	4761
47	630	46169	63449	15767
47	650	19907	19490	5844
47	670	73779	94429	25051
47	690	9807	10204	3946
47	710	53563	58931	16457
47	730	2820	2903	1218
47	750	2396	2443	918
47	770	10954	12131	3828
47	790	5707	5699	1531
47	810	98175	123207	31938
47	830	19067	17933	6745
47	850	20142	22057	6036
47	870	13661	15836	6315
47	890	16642	19058	10359
47	910	8209	7592	2819
47	930	8009	7360	1597
47	950	1941	1900	886
47	970	26422	29174	9456
47	990	8358	10120	2836
47	1010	22729	25353	7663
47	1030	3342	3232	1134
47	1050	12041	13541	3625
47	1070	19858	21130	6210
47	1090	13904	15716	4090
47	1110	11341	12338	4072
47	1130	5491	6350	3697
47	1150	5164	5872	2426
47	1170	8803	8828	2982
47	1190	127648	165174	33844
47	1210	4083	4936	2148
47	1230	7377	7729	2672
47	1250	15294	16606	7425
47	1270	22269	24228	7059
47	1290	32782	39705	10440
47	1310	7456	7249	2980
47	1330	41095	55410	4148
47	1350	22353	38118	5783
47	1370	3312	3347	1424
47	1390	9382	10191	3287
47	1410	7460	7445	2659
47	1430	2921	2972	1510
47	1450	9435	10303	3351
47	1470	29545	37471	7723
47	1490	3454	3865	2664
47	1510	28885	34482	9175
47	1530	15233	15235	5236
47	1550	39378	35175	9366
47	1570	26382	29520	9654
47	1590	29317	34317	13061
47	1610	17019	17973	7234
47	1630	16525	16898	5971
47	1650	11942	11637	2931
47	1670	14946	16776	5999
47	1690	11035	12638	3296
47	1710	18444	20880	7344
47	1730	3336	3421	1493
47	1750	7482	8117	2940
47	1770	1294	1214	597
47	1790	25060	26441	6320
47	1810	12524	12507	4312
47	1830	93589	132900	22269
47	1850	5384	4881	2395
47	1870	5294	5189	1529
47	1890	9872	13734	3025
47	1910	33416	37427	8361
47	1930	18821	22035	6113
47	1950	21165	22926	6471
47	1970	8457	10178	3555
47	1990	4533	5148	2108
48	10	7543	7715	2821
48	30	36143	37471	10023
48	50	3982	3521	1281
48	70	43548	48157	14348
48	90	6730	6096	2005
48	110	7359	6744	2111
48	130	23477	26484	5303
48	150	37278	39212	4583
48	170	4416	4157	1411
48	190	91694	116343	21442
48	210	14060	14518	4280
48	230	10399	10019	3550
48	250	13625	13298	4027
48	270	10268	9168	2978
48	290	11504	10595	3546
48	310	23018	22207	5946
48	330	12377	10302	2928
48	350	22238	23670	3669
48	370	6319	6076	1789
48	390	7548	6724	2441
48	410	39477	41053	9482
48	430	16053	14707	3871
48	450	92753	111099	27391
48	470	18738	20634	6585
48	490	6699	6031	2044
48	510	34291	38194	9395
48	530	5684	4778	1535
48	550	13501	13929	3835
48	570	18435	19360	5182
48	590	17130	18385	6015
48	610	7411	6298	1865
48	630	48283	57462	9581
48	650	2866	2576	858
48	670	12783	11637	3435
48	690	12129	10425	3333
48	710	9752	10394	4458
48	730	15794	17741	5291
48	750	30275	28618	8359
48	770	26019	32036	7044
48	790	87966	116485	20542
48	810	5534	5323	2022
48	830	65369	74288	21350
48	850	33108	33819	6795
48	870	9940	10621	3659
48	890	15113	12484	3674
48	910	36943	40130	9245
49	10	11142	14341	5833
49	30	4996	4721	1004
49	50	22610	22534	7462
49	70	4503	4083	2160
49	90	2378	2339	1007
49	110	568	565	377
49	130	9516	7868	2996
49	150	5508	5367	3329
49	170	3116	2479	973
49	190	1934	1900	1311
49	210	7990	7762	4001
49	230	1290	1302	1154
49	250	9697	9468	2632
49	270	55062	67165	12395
49	290	359903	367679	85925
49	310	1304	1307	944
49	330	298	264	92
49	350	3276	3436	3546
49	370	24811	25315	10009
49	390	59366	71275	10263
49	410	30682	45849	6388
49	430	2494	2852	867
49	450	850	756	435
49	470	3171	2550	1029
49	490	10321	10760	5728
49	510	3823	3534	2308
49	530	4853	4625	4049
49	550	8890	7351	3415
49	570	7219	6669	1568
49	590	3244	3257	2121
49	610	88354	67172	20092
49	630	2959	2831	1509
49	650	2183	2144	893
49	670	9757	9112	4689
49	690	4558	3388	817
49	710	6776	6962	1473
49	730	11834	11770	6723
49	750	1966	1940	1550
49	770	2804	2964	1711
49	790	1957	1475	514
49	810	837	783	765
49	830	2830	2630	2669
49	850	55302	60273	9499
49	870	1464	1236	995
49	890	5724	5668	3298
49	910	11104	11729	5399
49	930	3444	3416	2997
49	950	876	785	636
49	970	9027	9070	4003
49	990	20914	27468	3137
49	1010	856	809	667
49	1030	1744	1586	368
49	1050	1723	1598	427
49	1070	3397	2549	1249
49	1090	1417	1125	237
49	1110	2385	2168	817
49	1130	505814	654619	121523
49	1150	5958	4983	2113
49	1170	8876	7005	1802
49	1190	1330	1201	1279
49	1210	48296	66185	9222
49	1230	5656	5094	3992
49	1250	1086	907	798
49	1270	4847	3518	1134
49	1290	1155	1099	888
49	1310	4827	3617	1743
49	1330	5349	5394	4514
49	1350	40377	45470	8021
49	1370	788	567	300
49	1390	20921	20215	7764
49	1410	190510	177502	31645
49	1430	6411	7556	4456
49	1450	5253	4612	4126
49	1470	6759	6645	5419
49	1490	4868	5074	4463
49	1510	1777	1578	1238
49	1530	3638	2826	1430
49	1550	601	535	547
49	1570	49423	57173	6487
49	1590	2010	2013	1346
49	1610	4605	4210	3064
49	1630	5849	4215	1444
49	1650	5284	4343	1193
49	1670	65185	73017	17770
49	1690	1894	1672	737
49	1710	3632	3624	3066
49	1730	546	428	100
49	1750	1754	1508	798
49	1770	5581	4788	3054
49	1790	8006	8653	3961
49	1810	27027	30407	13984
49	1830	32927	36710	11315
49	1850	4409	4072	2442
49	1870	15941	16221	5361
49	1890	14098	12227	4359
49	1910	1669	1535	1223
49	1930	2016	2008	2342
49	1950	2127	2175	610
49	1970	1873	1700	1395
49	1990	14529	14197	4209
49	2010	809395	1056416	147081
49	2030	17849	17087	7204
49	2050	1369	1249	533
49	2070	2237	1911	1757
49	2090	14441	17508	3290
49	2110	1931	2007	493
49	2130	12527	12023	7294
49	2150	122220	90922	26075
49	2170	7138	6778	5513
49	2190	9034	7986	2287
49	2210	4963	5718	2550
49	2230	7731	8115	4460
49	2250	5977	8015	3967
49	2270	10655	10939	4092
49	2290	1138	854	224
49	2310	17232	18749	8084
49	2330	8227	8462	3261
49	2350	470	432	217
49	2370	2164	2254	1418
49	2390	4507	4232	1847
49	2410	10710	9619	4243
49	2430	525	527	240
49	2450	81032	89295	28061
49	2470	1993	1580	667
49	2490	14186	12053	3684
49	2510	23112	23998	7944
49	2530	5439	4815	3257
49	2550	4803	3935	2089
49	2570	12895	12853	5493
49	2590	3309	3235	1702
49	2610	201	150	70
49	2630	318	298	226
49	2650	7419	7689	6836
49	2670	1224	1092	801
49	2690	145	159	36
49	2710	805	578	328
49	2730	12505	13582	2493
49	2750	1573	1349	1187
49	2770	13498	13162	7115
49	2790	6773	5476	2749
49	2810	3899	3679	1971
49	2830	2210	1680	650
49	2850	5482	5123	4273
49	2870	3608	3244	1927
49	2890	2674	2400	2274
49	2910	16409	16213	5151
49	2930	5736	5920	4374
49	2950	1275	1234	493
49	2970	3231	3070	1288
49	2990	1868	2033	3179
49	3010	17	28	16
49	3030	73263	88047	16664
49	3050	3293	2521	1152
49	3070	2530	2243	2156
49	3090	54956	59943	22534
49	3110	218	254	127
49	3130	3761	3543	1694
49	3150	3259	2904	1850
49	3170	1734	1431	579
49	3190	981	972	882
49	3210	13259	13819	3916
49	3230	14443	10045	2136
49	3250	8279	7035	3112
49	3270	684	599	539
49	3290	27773	31617	6081
49	3310	7370	6533	4158
49	3330	1103	1081	1237
49	3350	2965	2448	1756
49	3370	4812	4905	3821
49	3390	47960	49287	9056
49	3410	6228	5826	1257
49	3430	4782	4835	2024
49	3450	524	490	470
49	3470	14818	18974	5635
49	3490	10820	10443	6910
49	3510	4854	3992	1779
49	3530	5620	5408	2811
49	3550	98592	98991	22264
49	3570	3256	3601	870
49	3590	1026	665	194
49	3610	30507	30715	6327
49	3630	7463	7545	3833
49	3650	6665	6542	3286
49	3670	14599	15281	5309
49	3690	4380	3657	1065
49	3710	5943	4979	1059
49	3730	7689	6869	4207
49	3750	32156	35816	11681
49	3770	2006	1404	752
49	3790	1337	1393	909
49	3810	24996	30696	5229
49	3830	1678	1484	235
49	3850	828	675	402
49	3870	4937	4477	3323
49	3890	6559	5247	1276
49	3910	3226	2836	1247
49	3930	424	386	151
49	3950	4784	3744	3064
49	3970	5064	5476	1246
49	3990	3664	3200	2470
49	4010	12955	12828	7362
49	4030	2556	2262	1724
49	4050	2759	2346	1706
49	4070	3851	3460	1668
49	4090	23156	19831	4978
49	4110	1802	1579	1456
49	4130	961	947	380
49	4150	6268	5964	2218
49	4170	1199	1182	777
49	4190	7276	6678	4280
49	4210	1068	1037	386
49	4230	42094	45403	16049
49	4250	1356	1466	595
49	4270	12473	8174	2437
49	4290	2997	3101	1700
49	4310	415	392	176
49	4330	667	640	531
49	4350	1920	1921	389
49	4370	3581	2894	1256
49	4390	279684	347780	73050
49	4410	36868	42766	11833
49	4430	546	518	208
49	4450	5515	4668	1703
49	4470	531	557	511
49	4490	7015	6890	3414
49	4510	27401	31260	10253
49	4530	128515	198445	30671
49	4550	2791	2486	1988
49	4570	5159	4487	2846
49	4590	9452	9154	4274
49	4610	1764	1557	437
49	4630	8665	7048	2651
49	4650	14831	12846	2674
49	4670	9422	9136	5646
49	4690	25012	25707	5850
49	4710	10659	21298	3497
49	4730	7069	7228	2217
49	4750	5216	4805	1303
49	4770	6803	6662	4072
49	4790	43394	32562	8312
49	4810	13945	13191	5430
49	4830	2216	2137	1393
49	4850	38923	45299	13645
49	4870	4757	4678	3164
49	4890	7441	5238	1768
49	4910	27801	29234	7683
49	4930	5997	5322	2213
49	4950	3658	3288	1012
49	4970	8687	8777	3696
49	4990	7121	7118	4980
49	5010	3192	2958	639
49	5030	5602	5937	3554
49	5050	2483	1775	1048
49	5070	5168	3487	1127
51	10	4835	4806	2308
51	30	4307	4558	2165
51	50	4227	4512	1522
51	70	2670	2842	1519
51	90	10599	11646	4792
51	110	3326	3358	1400
51	130	12226	11752	4015
51	150	16787	17986	3125
51	170	6306	6652	2469
51	190	17145	19876	6619
51	210	8308	8674	3003
51	230	2536	2413	1175
51	250	6715	5872	1725
51	270	5691	5532	2344
51	290	17794	16943	2261
51	310	3693	3724	1600
51	330	3870	4247	2413
51	350	8701	11640	4354
51	370	28129	28161	10123
51	390	1650	1655	980
51	410	3026	3118	1211
51	430	9071	8814	2757
51	450	5047	4758	1981
51	470	23553	27986	5910
51	490	9544	10422	2954
51	510	9086	7804	2188
51	530	2985	3133	1314
51	550	2762	3050	1565
51	570	2195	2282	1156
51	590	29158	30744	9354
51	610	3449	3336	1221
51	630	2594	2388	761
51	650	5119	4839	1957
51	670	61872	89684	17546
51	690	4022	4143	1762
51	710	17683	17338	4852
51	730	12972	16427	4235
51	750	2831	2651	1711
51	770	1704	1666	543
51	790	3296	3696	1527
51	810	4705	4573	1604
51	830	9894	11036	5954
51	850	7022	6855	2855
51	870	3323	3607	1713
51	890	13677	14202	3488
51	910	2876	2765	789
51	930	34978	37246	5111
51	950	15290	14400	4578
51	970	4741	4930	2372
51	990	5103	4979	2028
51	1010	13516	14722	4645
51	1030	4029	4336	1732
51	1050	1790	1909	1133
51	1070	14930	16351	6128
51	1090	4338	3979	1483
51	1110	213981	254606	75503
51	1130	9064	10997	2056
51	1150	8440	8790	2779
51	1170	46341	49657	15305
51	1190	7081	6302	1696
51	1210	11217	10259	3573
51	1230	3786	3957	1735
51	1250	14040	13716	4219
51	1270	5001	4817	1830
51	1290	2676	2395	1192
51	1310	5988	5433	1140
51	1330	11460	10729	3146
51	1350	5533	4912	1601
51	1370	6490	6284	2489
51	1390	2784	3223	1314
51	1410	7785	7971	3489
51	1430	1520	2484	1044
51	1450	18327	21215	8752
51	1470	6292	5099	1614
51	1490	3198	3474	1427
51	1510	18099	22278	4820
51	1530	5472	4704	1184
51	1550	6867	5870	2104
51	1570	7534	8679	3793
51	1590	5812	5016	1049
51	1610	5643	5804	2414
51	1630	9089	9620	1322
51	1650	1918	1736	570
51	1670	6047	6499	2492
51	1690	3016	3093	1373
51	1710	3961	4011	1847
51	1730	7001	7262	2117
51	1750	4358	4071	1458
51	1770	10717	10974	4361
51	1790	10336	9674	2824
51	1810	2310	2351	1050
51	1830	7262	7335	3016
51	1850	9874	12431	1601
51	1870	2847	2840	1379
51	1890	2040	1851	790
51	1910	3889	3634	1365
51	1930	12904	12001	3222
51	1950	30168	29926	6738
51	1970	4193	4024	1115
51	1990	14907	15905	5792
51	2010	691	708	370
51	2030	4899	4623	1795
51	2050	6652	7768	1779
51	2070	4271	4431	2016
51	2090	7476	8154	2316
51	2110	7636	8291	2909
51	2130	4953	4925	1941
51	2150	2007	2108	663
51	2170	6740	7593	2596
51	2190	3847	3772	1851
51	2210	2838	2891	1483
51	2230	2098	2221	733
51	2250	7078	5923	1899
51	2270	23523	29433	7059
51	2290	3750	3478	1454
51	2310	5901	5673	2148
51	2330	4716	4820	2414
51	2350	11685	11627	4102
51	2370	2436	2236	827
51	2390	6165	6663	1743
52	10	23665	25615	12389
52	30	120784	153592	25085
52	50	183060	250684	69364
52	90	12654	12971	2871
52	110	7371	7749	3170
52	130	31847	37914	8991
52	150	21317	21623	5553
52	170	28877	28947	4005
52	190	8791	10032	4766
52	210	38681	45305	10221
52	230	9202	9069	3160
52	250	51709	58081	9371
52	270	40015	52064	6081
52	290	4838	5626	2527
52	310	171643	228828	50905
52	330	223669	292174	36508
52	350	7786	9000	3083
52	370	22595	23941	4015
52	390	6004	5994	2987
52	410	6786	8296	4469
52	430	33924	41515	13501
52	450	19769	23596	7755
52	470	8877	10661	4257
52	5100	242915	281760	100575
53	10	6810	5759	2500
53	30	1977	1891	1677
53	50	3890	4305	1935
53	70	2199	2139	975
53	90	5897	6188	3554
53	110	4232	4105	2445
53	130	9429	10007	5114
53	150	10441	9260	5129
53	170	20397	22466	4556
53	190	13794	14100	6755
53	210	10593	10631	3798
53	230	5719	5017	2984
53	250	1156	1083	559
53	270	45710	61166	7690
53	290	1910	1652	1182
53	310	41766	46912	7343
53	330	2218	2178	1402
53	350	4343	4685	2685
53	370	20019	20597	7050
53	390	8400	9716	3475
53	410	7310	6626	4410
53	430	1760	1722	1216
53	450	1701	1722	1044
53	470	19387	23471	8237
53	490	8448	8301	5174
53	510	13234	13582	5458
53	530	1761	1739	1489
53	550	1719	1923	1861
53	570	1357	1095	1120
53	590	1341	1435	865
53	610	3387	3260	1941
53	630	4166	3879	3073
53	650	10847	11398	3380
53	670	2498	2361	1676
53	690	3448	3025	1806
53	710	14910	16338	8066
53	730	4699	4687	2132
53	750	3669	3478	2833
53	770	3369	2818	1565
53	790	13576	12873	6204
53	810	8778	8553	4064
53	830	9040	9175	3814
53	850	2366	2312	1217
53	870	7018	6986	2401
53	890	13138	11576	4697
53	910	4389	4061	3126
53	930	2768	2812	1466
53	950	2917	2828	2244
53	970	10596	10241	4698
53	990	3844	3587	2215
53	1010	21905	21682	9808
53	1030	3580	3793	1922
53	1050	3505	3591	1938
53	1070	3615	2979	2172
53	1090	176677	220499	59532
53	1110	12609	12355	6402
53	1130	12518	13619	5052
53	1150	10816	10384	4619
53	1170	4737	4983	2358
53	1190	18996	29008	6157
53	1210	12111	12637	6711
53	1230	9959	10781	5390
53	1250	18112	18414	7991
53	1270	3773	3467	2063
53	1290	1500	1461	839
53	1310	16515	17200	4143
53	1330	8745	8254	4794
53	1350	11050	9862	3896
53	1370	13108	14487	6549
53	1390	6134	6357	1849
53	1410	4131	3494	2296
53	1430	145824	187662	46546
53	1450	15536	15605	3743
53	1470	14201	17007	6190
53	1490	4325	4418	2288
53	1510	3012	3414	2228
53	1530	7207	7902	2350
54	10	20591	23953	7433
54	30	8873	9096	3941
54	50	4409	4788	2472
54	70	3302	3468	1037
54	90	23590	29039	9115
54	110	23186	26185	6084
54	130	11836	11598	4478
54	150	3182	3449	1449
54	170	8694	9067	4525
54	190	15402	18097	6247
54	210	7703	8261	1891
54	230	4292	4472	1646
54	250	8310	8961	2746
54	270	2376	2597	1108
54	290	9410	10446	3170
54	310	12377	13346	4303
54	330	4829	4737	2425
54	350	9546	9673	3676
54	370	139444	191159	52965
54	390	3237	3484	1756
54	410	4219	4513	2004
54	430	10048	10297	3816
54	450	11293	11875	4864
54	470	9771	7910	3227
54	490	5154	5078	1822
54	510	10561	11020	3848
54	530	15244	15574	8098
54	550	7691	8028	3732
54	570	5574	5990	1945
54	590	16931	19593	6241
54	610	5035	4748	1537
54	630	16266	18671	4490
54	650	89750	107626	32250
54	670	2258	2226	898
54	690	8392	7547	3361
54	710	7084	7520	3037
54	730	14234	16231	4659
54	750	7503	6194	2978
54	770	6865	7259	2903
54	790	8328	9031	4949
54	810	4775	5455	1839
54	830	2218	2215	1017
54	850	5282	5450	1989
54	870	2860	3095	1421
54	890	10000	11412	3577
54	910	4439	4794	1817
54	930	94714	126812	35757
54	950	2447	2330	1125
54	970	8311	8258	3464
54	990	11419	11391	4418
54	1010	3447	3378	1136
54	1030	8257	8592	3649
54	1050	8559	9926	3763
54	1070	13575	14754	5000
54	1090	7025	7553	3201
54	1110	4922	5400	2126
54	1130	24264	26471	9738
54	1150	8306	8643	2762
54	1170	5985	6450	3016
54	1190	16308	17688	6499
54	1210	2558	2738	682
54	1230	9909	10017	3323
54	1250	28176	36022	6324
54	1270	1499	1537	535
54	1290	5755	5938	1835
54	1310	10346	11036	4904
54	1330	5665	5969	2340
54	1350	1883	1959	948
54	1370	1350	1440	664
54	1390	4683	4701	1499
54	1410	14799	18876	5437
54	1430	8376	8734	2721
54	1450	15567	16864	5246
54	1470	12366	12819	4574
54	1490	28490	34252	7115
54	1510	7256	6625	2063
54	1530	3016	3136	923
54	1550	12965	15457	4548
54	1570	264136	300175	72878
54	1590	4596	5054	2200
54	1610	2571	2759	1380
54	1630	44024	53071	15054
54	1650	30113	32808	7541
54	1670	12101	11175	3728
54	1690	1834	2224	794
54	1710	4869	5564	2208
54	1730	3989	4371	1252
54	1750	1629	1735	484
54	1770	10500	11563	4036
54	1790	27242	33965	9846
54	1810	4719	4825	1722
54	1830	10080	11622	5019
54	1850	6042	6538	2812
54	1870	20193	22215	4951
54	1890	19009	21219	5562
56	10	5530	5613	2352
56	30	15207	16572	5325
56	50	10865	10998	2919
56	70	4425	4482	2184
56	90	9850	10886	3510
56	110	31521	38066	14601
56	130	2680	2728	1256
56	150	4254	3682	1329
56	170	2541	2331	1146
56	190	19403	18823	7870
56	210	2828	2847	1223
56	230	3414	3545	1226
56	250	11852	12725	5475
56	270	5095	4857	1841
56	290	12625	13979	4524
56	310	3120	3366	1387
56	330	23791	25607	11306
56	350	8740	9158	2653
56	370	10298	11203	3070
56	390	68107	83710	27593
56	410	5747	6108	3060
56	430	8766	8037	2535
56	450	18364	17655	4769
56	470	18932	16263	5151
56	490	19846	22291	9406
56	510	13254	14818	4880
56	530	8932	9504	3150
56	550	23574	25517	9556
56	570	9205	9322	3224
56	590	14421	13001	3171
56	610	22240	33805	6925
56	630	4183	4113	1873
56	650	3362	3545	1431
56	670	9950	9780	2966
56	690	17315	20813	9420
56	710	2375	2714	1214
56	730	2821	2920	916
56	750	3040	3216	1622
56	770	10360	10459	3857
56	790	12852	14651	3402
56	810	28752	30266	10389
56	830	9259	10252	3874
56	850	3609	3717	1917
56	870	5031	5394	2267
56	890	4771	5629	2162
56	910	5413	5494	2351
56	930	2791	2854	1368
56	950	3877	3730	1487
56	970	7899	8596	2933
56	990	15769	16159	4827
56	1010	4364	4030	1592
56	1030	7440	7447	2701
56	1050	1700	1637	657
56	1070	30082	33597	11364
56	1090	13636	13198	2661
61	10	25504	17107	2810
61	30	30158	30095	8797
61	50	29488	32187	3553
61	70	12882	11551	4740
61	90	9135	7640	2254
61	110	4636	3920	733
61	130	481384	570751	174732
61	150	16116	16437	8548
61	170	30931	22597	4081
61	190	164054	204882	62194
61	210	33341	30690	9713
61	230	8106	6658	1904
61	250	18539	19441	13341
61	270	32266	31630	9962
62	10	88131	103322	13130
62	30	4314	4577	1064
62	50	98018	128735	15016
62	70	1309	1251	339
62	90	1743	1709	755
62	110	1936	1752	886
62	130	57491	92487	12875
62	150	4168	4984	1552
62	170	704	655	325
62	190	2220	3589	434
62	210	3171	2340	832
62	230	1088	938	415
62	250	875	807	605
62	270	493	516	210
62	290	6532	6599	3791
62	310	128182	210477	61923
62	330	573	556	173
62	350	9441	10258	1170
62	370	3392	8188	398
62	390	2468	2695	645
62	410	105310	131886	21056
62	430	8426	9605	5063
62	450	7187	9777	2014
62	470	714	1190	162
62	490	2290	3637	365
62	510	3239	5739	497
62	530	112	189	28
62	550	2063	1830	1185
62	570	625	755	143
62	590	124621	158903	22086
62	610	523	531	286
62	630	2514	2498	1047
62	650	3262	4039	360
62	670	8927	11495	2369
62	690	46215	68875	12680
62	710	4747	4518	2645
62	730	1336	1435	816
62	750	6792	6751	2423
62	770	26460	32003	8735
62	790	258	335	64
62	810	4709	5792	743
62	830	5954	5822	1620
62	850	8315	8560	2823
62	870	7626	7785	2851
62	890	7906	7025	3328
62	910	598	729	225
62	930	1800	2358	314
62	950	1365	1404	856
62	970	2096	6743	278
62	990	4732	4334	1586
62	1010	41640	43843	14569
62	1030	2310	2510	420
62	1050	3681	3490	1390
62	1070	3907	7425	609
62	1090	1399	1288	469
62	1110	278	395	37
62	1130	926	1765	177
62	1150	977	950	580
62	1170	2107	5833	122
62	1190	2642	3318	586
62	1210	1626	1667	793
62	1230	42739	50520	10901
62	1250	3162	3122	1486
63	10	58646	71376	14818
63	30	1161	1144	415
63	50	24222	26157	5221
63	70	2800	2115	835
63	90	2946	2938	903
63	110	15788	11940	2973
63	130	2789	5031	587
63	150	1002	1157	267
63	170	7944	8729	2729
63	190	26543	24142	4642
63	210	2671	2444	824
63	230	1281	1068	369
63	250	286	296	99
63	270	30354	28790	9866
63	290	3676	3031	660
63	310	8068	6184	1856
63	330	300	279	78
63	350	3674	3784	1002
63	370	1133	1155	384
63	390	8017	9742	1133
63	410	3847	2507	1137
63	430	4658	3313	1043
63	450	4140	3783	1718
63	470	4021	3644	1804
63	490	5073	4956	1841
63	510	6670	4965	1303
63	530	5410	4923	1605
63	550	20388	21885	6533
63	570	8702	13411	2677
63	590	2543	2567	897
63	610	1377	1330	566
63	630	1215	1104	438
63	650	9948	6619	1015
63	670	7921	6397	1684
63	690	10651	11738	4234
63	710	1228	883	542
63	730	3261	2550	979
63	750	5461	4960	2297
63	770	2726	2424	550
63	790	6818	6776	1972
63	810	1142	966	274
63	830	18215	17968	6881
63	850	1791	2286	459
63	870	2958	2505	1570
64	10	2714	3027	988
64	30	4458	3981	901
64	50	2644	2314	846
64	70	1104	1084	408
64	90	2439	2445	1435
64	110	553	557	273
64	130	26756	31274	7988
64	150	1952	1948	796
64	170	4372	4380	1734
64	190	869	863	454
64	210	4125	4399	1143
64	230	4033	3931	1787
64	250	1326	1276	395
64	270	4149	4119	2114
64	290	17328	19640	5376
64	310	13523	20190	3234
64	330	555	559	180
64	350	4073	3690	977
64	370	340	294	147
64	390	869	858	386
64	410	6248	6701	1678
64	430	2504	2689	619
64	450	872	826	394
64	470	6682	6163	2622
64	490	14339	16951	4124
64	510	769	801	262
64	530	6580	6531	1420
64	550	994	824	278
64	570	1617	1793	893
64	590	674	739	278
64	610	1306	1370	334
64	630	23793	34422	6134
64	650	1405	1379	696
64	670	3792	4407	1837
64	690	229	210	66
64	710	1849	1738	734
64	730	2354	2174	851
64	750	841	872	254
64	770	2112	2639	793
64	790	580	538	328
64	810	7561	7500	2989
64	830	4291	4604	1249
64	850	3945	3561	1060
64	870	4006	3759	586
64	890	2885	2885	1183
64	910	1620	1708	836
64	930	12181	12422	5686
64	950	1761	1774	889
64	970	937	986	608
64	990	2134	1993	944
64	1010	1858	1849	656
64	1030	319	316	129
64	1050	3652	3383	1159
64	1070	736	719	365
64	1090	524	459	201
64	1110	35650	42718	9841
64	1130	72	130	21
65	10	4498	4893	1727
65	30	144861	191138	35112
65	50	5521	7999	1550
65	70	5901	6423	1543
65	90	211	269	86
65	110	402	447	80
65	130	3109	3650	697
65	150	1462	1702	217
65	170	1461	1145	478
65	190	4311	4551	1559
65	210	2052	2031	669
65	230	2898	3229	818
65	270	1049	1191	390
65	290	409	593	131
65	310	53586	83492	16402
65	330	2697	2623	984
65	5100	9299	12525	3313
66	10	139136	170878	34000
66	30	949	882	368
66	50	17517	16055	7213
66	70	4838	4436	1780
66	90	15500	15851	4041
66	110	702	661	516
66	130	36657	36920	6943
66	150	16776	15584	5997
66	170	9809	8698	2753
66	190	1736	1406	547
66	210	322	296	191
66	230	2462	1997	561
66	250	21159	19801	4488
66	270	3427	3855	1338
66	280	5989	6568	722
66	290	5295	4150	2625
66	310	26014	20391	2778
66	330	1572	1202	621
66	350	16672	17887	2956
66	370	3558	3176	1656
66	390	11813	10175	2413
66	410	5338	5576	2022
66	430	13046	12048	3421
66	450	33954	30644	4759
66	470	8340	8031	2647
66	490	25338	30288	6803
66	510	2050	1789	2494
66	530	4853	4529	1112
66	550	7309	7094	1894
66	570	2688	2412	898
66	590	1561	1377	813
66	610	24373	22356	4536
67	10	1706	1215	615
67	30	14576	10079	2935
67	50	22910	22612	4792
67	70	8565	7741	2157
67	90	315	287	56
67	110	66756	52323	6506
67	130	5882	4209	851
67	150	5271	4061	772
67	170	1371	1148	435
67	190	3197	3118	544
67	210	7472	5996	1286
67	230	2276	1661	703
67	250	1658	1186	438
67	270	3841	2487	1132
67	290	2236	1546	356
67	310	514	321	220
67	330	898	741	195
67	350	242107	239267	46532
67	370	6263	3837	627
67	390	6362	4097	1932
67	410	6140	4387	1748
67	430	3903	4239	715
67	450	11161	8918	1580
67	470	9214	7335	1222
67	490	95289	84799	13276
67	510	3629	2841	779
67	530	11095	7311	3479
67	550	755	548	260
67	570	55371	50947	13077
68	10	9021	14332	2005
68	30	4274	3793	1652
68	50	9326	11650	693
68	70	7833	9280	1513
68	90	5497	5966	780
68	110	1939	1870	501
68	130	14425	15377	2728
68	150	3927	3958	1771
68	170	1779	1896	930
68	190	2176	2364	927
68	210	22962	27624	6023
68	230	5018	4254	1003
68	250	24428	30473	4546
68	270	864	900	506
68	290	7337	7984	2244
68	310	4047	4809	1082
68	330	8013	9492	2984
68	350	1619	1726	379
68	370	15706	18302	2068
68	390	2506	5032	486
68	410	5154	5287	775
68	430	3486	3399	922
68	450	2508	2630	657
71	10	318597	459707	114206
71	30	334	521	58
71	50	5180	6117	3129
71	70	39429	54127	22251
71	90	5650	6639	3326
71	110	4160	4179	1690
71	130	203905	254567	60844
71	150	5794	6404	2208
71	170	24673	34868	8498
71	190	173776	195169	51797
71	210	7020	7106	2868
71	230	31798	46034	11103
71	250	35934	30848	8330
71	270	5101	5821	2778
71	290	139591	149301	39227
71	310	27568	27774	6370
71	330	8824	9939	7960
71	350	6800	8727	1932
71	370	2305132	2971900	743005
71	390	22405	22113	6789
71	410	56511	96672	21513
71	430	2957	3857	1718
71	450	20592	25363	7922
71	470	49595	50050	11526
71	490	2662	2805	1200
71	510	2434	4518	365
71	530	95349	117680	26750
71	550	27938	35390	15028
71	570	14344	17971	7877
71	590	602572	798012	160913
71	610	36397	43516	13097
71	630	5183	6224	1990
71	650	206356	227017	98737
71	670	239647	311811	74489
71	690	9230	8621	2509
71	710	304059	342260	89056
71	730	562428	771354	191744
71	750	135181	297607	104285
71	770	114500	124961	39341
71	790	41478	64198	20805
71	810	157785	234695	62048
71	830	86760	121430	33774
71	850	409466	549716	96633
71	870	52161	79235	24898
71	890	37176	42340	12834
71	910	832	1113	442
71	930	12176	13948	5155
71	950	80288	97131	17932
71	970	88231	115992	40528
71	990	89143	98243	29183
71	1010	17354	19006	5389
71	1030	12155	12640	5606
71	1050	3673	4218	1324
71	1070	89659	86237	26325
71	1090	9437	12489	4674
71	1110	185256	205608	43801
71	1130	35215	48955	9849
71	1150	17381	19174	4621
72	10	4988	5169	2561
72	30	20879	32673	5137
72	50	80555	93355	22664
72	70	9817	11539	4745
72	90	12255	12647	3930
72	110	20291	22753	7734
72	130	4178	4533	1641
72	150	4686	5253	2872
72	170	19950	24682	6272
72	190	31729	33014	10165
72	210	630	651	291
72	230	2636	2872	1004
72	250	2804	3045	830
72	270	4959	5671	1957
72	290	41184	48877	16720
72	310	4238	4041	1090
72	330	18110	19297	8966
72	350	19845	21393	6264
72	370	2466	2603	835
72	390	84911	117129	26338
72	410	9294	11758	5890
72	430	29761	32841	10058
72	450	9594	8632	3340
72	470	65146	77255	25754
72	490	2631	2757	701
72	510	152104	228788	75049
72	530	14554	16670	5702
72	550	694	681	263
72	570	6033	6964	3350
72	590	19546	21305	6695
72	610	8040	8843	2879
72	630	2193	2402	1080
72	650	6890	7408	3049
72	670	79090	105025	20388
72	690	466	414	262
72	710	18599	19869	6860
73	10	5023	4521	1154
73	30	5425	5790	2398
73	50	37886	44912	7219
73	70	13102	15521	6828
73	90	15710	18134	7312
73	110	66927	75114	17379
73	130	1181	1184	727
73	150	26666	29327	8611
73	170	7347	8200	2265
73	190	2179	2182	490
73	210	12929	12934	2661
73	230	738	698	415
73	250	17559	16249	4754
73	270	21191	23336	8396
73	290	13906	17284	4821
73	310	4349	5374	2518
73	330	356712	536177	129414
73	350	47307	59137	14529
73	370	7543	10187	2942
73	390	5329	5591	1943
73	410	18693	18627	7623
73	430	2891	2940	1615
73	450	9448	10687	3934
73	470	10095	10679	3870
73	490	4873	5238	2968
73	510	3028	2747	1034
73	530	158650	193761	45530
73	550	1855	2754	1341
73	570	19618	22658	8782
73	590	2712	2931	759
73	610	111227	136588	29532
73	630	109321	130238	39453
73	650	10684	10507	2966
73	670	40877	48576	12230
73	690	1290	1227	534
73	710	14277	17513	6446
73	730	33200	43678	11967
73	750	12186	19498	3281
73	770	59218	59699	20921
81	100	2484	4528	107
81	200	61091	85996	3520
81	500	5015	4237	431
81	600	273	660	25
81	700	1993	1856	169
81	900	18869	27281	1276
81	1000	600	709	78
81	1100	6484	9261	771
81	1220	9364	11170	827
81	1300	3923	4785	642
81	1400	2245	1739	249
81	1500	3450	5013	255
81	1700	6902	7485	730
81	1800	2810	2512	339
81	1850	1661	1831	148
81	2010	1498	1589	151
81	2200	2860	3460	361
81	2310	1330	1468	192
81	2400	2184	2776	142
81	2610	2877	3859	295
81	2700	2332	1548	178
81	2800	2162	2648	353
81	2900	3021	3509	308
82	10	31006	33554	9378
82	30	245168	322157	55368
82	50	0	20	37
82	70	12996	14015	4339
82	90	23051	26953	7028
98	10	170740	266380	74287
100	0	72458463	84035253	25549427
